   0.0602464095   0.1622465919   0.4537157995   0.8042005007   1.1662573438   1.5487822671   1.7854385696   2.3443695821   2.8338682633   2.9947059358   3.5042089791
   0.0000000000   0.0178435260   0.2429996032   0.5447971768   0.8892280170   1.2717529403   1.5084092428   2.0072438681   2.4905258061   2.6513634785   3.1608665219
   0.0000000000   0.0000000000   0.0787677739   0.3129448181   0.6573756582   0.9998307695   1.2364870721   1.7077709799   2.1910529179   2.3518905904   2.8613936337
   0.0000000000   0.0000000000   0.0000000000   0.0391016134   0.2679646428   0.5550553766   0.7402622712   1.1623861471   1.5961894685   1.7332352329   2.2271475683
   0.0000000000   0.0000000000   0.0000000000   0.0000000000   0.0741936053   0.2808085203   0.4660154149   0.8839728292   1.2414667935   1.3785125579   1.8724248933
   0.0000000000   0.0000000000   0.0000000000   0.0000000000   0.0000000000   0.0369871201   0.1707446067   0.4560613461   0.8135553105   0.9506010749   1.3379516354
   0.0000000000   0.0000000000   0.0000000000   0.0000000000   0.0000000000   0.0000000000   0.0453209586   0.2875221286   0.6412831396   0.7545369959   1.1262968485
   0.0000000000   0.0000000000   0.0000000000   0.0000000000   0.0000000000   0.0000000000   0.0000000000   0.0600730748   0.2917790656   0.4050329219   0.7767927744
   0.0000000000   0.0000000000   0.0000000000   0.0000000000   0.0000000000   0.0000000000   0.0000000000   0.0000000000   0.0458449422   0.1353068905   0.3849142601
   0.0000000000   0.0000000000   0.0000000000   0.0000000000   0.0000000000   0.0000000000   0.0000000000   0.0000000000   0.0000000000   0.0198250979   0.2196207152
   0.0000000000   0.0000000000   0.0000000000   0.0000000000   0.0000000000   0.0000000000   0.0000000000   0.0000000000   0.0000000000   0.0000000000   0.0578180365