   0.0602464095   0.0841566564   0.2127014337   0.3290090907   0.4445769014   0.5400110910   0.5914604989   0.7282676354   0.8540556091   0.8778475171   1.0000000000
   0.0000000000   0.0178435260   0.1463883033   0.2626959603   0.3782637710   0.4736979605   0.5251473685   0.6619545050   0.7877424786   0.8115343867   0.9336868696
   0.0000000000   0.0000000000   0.0787677739   0.1950754308   0.3106432415   0.4060774311   0.4575268390   0.5943339756   0.7201219492   0.7439138573   0.8660663401
   0.0000000000   0.0000000000   0.0000000000   0.0391016134   0.1546694241   0.2501036137   0.3015530216   0.4383601581   0.5641481318   0.5879400399   0.7100925227
   0.0000000000   0.0000000000   0.0000000000   0.0000000000   0.0741936053   0.1696277949   0.2210772029   0.3578843394   0.4836723130   0.5074642211   0.6296167039
   0.0000000000   0.0000000000   0.0000000000   0.0000000000   0.0000000000   0.0369871201   0.0884365280   0.2252436645   0.3510316382   0.3748235463   0.4969760291
   0.0000000000   0.0000000000   0.0000000000   0.0000000000   0.0000000000   0.0000000000   0.0453209586   0.1821280951   0.3079160688   0.3317079769   0.4538604597
   0.0000000000   0.0000000000   0.0000000000   0.0000000000   0.0000000000   0.0000000000   0.0000000000   0.0600730748   0.1858610485   0.2096529566   0.3318054394
   0.0000000000   0.0000000000   0.0000000000   0.0000000000   0.0000000000   0.0000000000   0.0000000000   0.0000000000   0.0458449422   0.0696368503   0.1917893332
   0.0000000000   0.0000000000   0.0000000000   0.0000000000   0.0000000000   0.0000000000   0.0000000000   0.0000000000   0.0000000000   0.0198250979   0.1419775808
   0.0000000000   0.0000000000   0.0000000000   0.0000000000   0.0000000000   0.0000000000   0.0000000000   0.0000000000   0.0000000000   0.0000000000   0.0578180365