121802694
136528775
143359983
150020508
150543783
155612595
156174851
162719844
166329424
190080079
197519688
198069991
199900256
204630169
209226602
213507446
219237491
222376647
269004352
275046203
275478995
277972329
279165965
282894846
285934534
304070185
304263939
305701410
319805461
320820380
326391445
332271888
345294248
345718208
353720772
354920788
364299680
428948874
450462555
454693410
455685810
460628762
468728911
471944279
489061862
489364316
506044970
506540963
521216331
525959360
527745107
533019987
538489233
549037608
551127911
558170253
565220650
569488044
591890919
602627946
603213812
617815700
620992745
632983503
650744141
657078170
664534913
675921447
680636359
686644491
689586966
697878570
719709884
723188326
725217658
728632847
744622728
774673308
818015995
830680478
834381171
846882574
851415821
856205410
888067801
896609859
899282748
913736966
914463325
920167941
926875298
943633417
945856822
950752965
964802820
967917421
969506197
970871502
972130542
993886256