100121978
100189194
100197915
100201670
100263943
100279974
100312551
100418600
100462713
100510779
100592038
100636808
100669909
100685117
100875717
100882104
100952791
101007406
101043212
101076625
101098882
101141090
101163436
101359582
101396685
101400678
101435826
101548409
101688246
101781977
101932478
102017661
102129278
102190281
102268699
102398748
102730850
102863223
102972361
103119964
103148453
103155636
103165249
103184799
103278676
103368325
103471892
103871729
103973064
104076431
104078520
104172201
104271199
104319142
104334333
104517049
104531893
104960962
104996524
105038128
105060452
105213305
105582446
105970692
105987276
105998633
106216997
106238950
106348611
106348711
106446758
106686816
106754017
106796408
106797027
107042907
107052366
107111823
107146291
107200910
107228513
107244685
107288507
107295980
107428075
107509891
107725286
107770874
107865864
107923163
108202233
108306543
108318563
108332102
108498060
108527280
108594461
108646024
108751998
108776763
108785071
109027827
109058834
109125515
109210353
109282187
109319489
109417349
109588086
109655276
109677532
109707193
109744587
109770389
109811417
109812463
109904638
109977003
109983008
110001172
110049893
110184257
110231941
110256102
110258296
110302909
110395828
110410490
110535379
110960933
110971806
110983152
110987355
111067754
111146767
111215605
111381388
111560638
111630429
111741062
111936519
111939291
111963826
112043154
112071259
112147663
112325926
112379443
112419103
112423813
112472681
112583704
112603227
112678581
112851580
112867093
112881996
112938847
112992755
113238664
113308325
113508477
113520971
113554408
113627886
113650615
113675155
114146043
114189599
114249934
114267165
114281948
114317818
114347088
114374914
114433005
114448760
114454091
114507321
114725996
114811862
115015258
115087041
115144226
115289803
115340925
115352013
115364636
115460707
115501630
115512374
115572080
115716782
115808513
115808520
115947848
115986231
116015569
116041724
116079316
116111250
116152970
116232214
116431455
116540828
116575807
116650738
116691264
116714960
116761206
116817857
116843415
116913510
116952049
116984165
117008222
117114392
117184030
117501037
117514557
117618582
117704031
117746944
117756107
117884986
117954886
118196857
118273611
118287656
118495042
118526633
118727937
119024950
119072981
119212289
119252388
119293332
119445369
119459350
119485346
119787905
119802926
119842996
119928062
119943557
119991324
120036091
120079520
120090753
120101596
120121756
120289102
120300730
120324501
120388182
120476007
120476262
120563650
120600984
120676779
120799965
120854820
120948605
120952269
121056725
121089159
121134226
121182281
121221126
121283305
121351842
121644772
121692811
121760753
122134124
122208946
122327346
122432866
122633828
123187073
123336122
123464792
123505969
123585800
123634208
123758506
123997261
124060800
124192429
124251213
124333565
124407647
124734706
125091317
125252991
125377587
125380476
125431203
125459346
125573873
125657099
125659017
125770494
125819761
125835852
126063935
126160806
126166454
126324817
126556677
126569246
126652458
126726956
126861437
127046059
127155029
127159408
127310069
127484299
127505527
127693962
127806464
128269679
128345617
128347030
128450360
128655613
128801920
128843761
128980145
128991463
129024349
129288229
129331654
129376024
129436687
129581134
129602260
129627444
129770139
129858000
129877208
130127149
130163068
130191243
130251108
130359632
130624162
130659314
130673982
130688009
130689477
130696937
130841794
130870913
131215540
131468602
131517280
131546305
131644794
131753484
131927986
132120785
132226146
132272360
132312093
132317217
132361502
132414580
132433932
132488899
132717613
132732233
132807287
132852544
132911128
132912176
132947467
133008021
133091801
133138683
133157984
133478120
133612569
133633387
133634810
133639338
133746565
133753469
133925431
133959851
134081612
134084561
134156535
134165441
134559668
134599270
134614147
134854512
134939438
135114281
135122564
135150134
135249696
135268928
135383027
135518560
135631696
135730523
135838882
135909196
135944869
135950753
136005597
136068058
136121859
136243627
136336247
136423360
136470921
136478518
136523451
136757544
136777024
136831910
136842143
136885372
136951686
137063681
137253228
137321552
137467381
137482295
137505723
137665237
137867789
137958792
138114369
138133435
138231096
138440725
138540786
138555983
138618875
138656156
138729754
139179296
139265256
139482313
139489742
139549189
139564521
139739998
139839104
140494847
140505996
140553896
140572716
140600219
140613422
140670491
140735888
140841811
140862563
141016630
141157728
141175260
141330098
141413019
141413768
141446225
141465573
141574507
141608917
142004610
142014324
142062644
142242666
142268262
142283443
142339062
142382784
142467926
142483332
142570780
142589745
142671090
142838218
142897012
143189972
143218272
143232728
143315202
143324589
143476100
143487178
143518147
143637980
143704947
143781684
143832719
143866627
143981690
143995384
144068323
144142551
144186677
144211837
144250180
144270112
144425757
144427024
144505285
144550879
144655601
144813896
144905812
144988722
145010555
145041795
145084814
145215011
145239982
145242635
145281142
145544901
145561879
145586635
145744190
145745156
145890615
145979879
146157002
146317321
146361511
146380481
146429556
146449312
146472997
146515628
146570875
146623782
146632532
146652464
146672949
146819821
146850126
147201951
147202602
147295435
147307295
147353083
147535562
147741385
147788983
147836104
147936713
147945691
148102346
148195999
148442860
148448885
148458199
148525782
148665940
148693625
148772585
148776966
149017319
149196810
149238277
149321172
149397315
149412038
149466571
149592167
149609935
149813175
150030627
150111339
150160405
150393257
150475111
150554665
150558647
150612230
150616707
150670856
150684535
150706109
150744195
150948851
150982174
151181515
151208844
151244922
151318961
151334290
151473031
151474106
151711832
151859196
151872626
151920837
151939154
152104719
152208895
152253646
152315079
152318793
152443962
152460476
152568228
152652651
152733539
152891907
152962608
153220329
153313185
153403356
153454398
153475705
153639817
153683818
153851563
154052636
154238663
154242134
154245575
154573794
154631829
154648926
154658635
154811032
154825404
155026302
155274585
155298420
155518255
155550083
155592956
155830156
155954984
155982536
155983094
156008775
156190119
156251223
156273149
156436333
156571985
156910347
156932393
157067475
157098939
157130207
157230571
157327846
157446530
157486980
157547043
157703608
157726825
157899884
158028773
158052163
158200318
158354485
158355241
158465165
158616880
158617377
158617729
158825532
158944400
158977961
159090357
159273669
159374151
159449219
159706369
159742282
159772520
159786696
159792968
159807142
160135358
160161450
160162338
160249929
160307222
160458302
160482172
160531573
160541744
160645823
160744722
161240839
161277388
161500989
161662288
161749112
161954357
162167521
162550603
162560185
162653447
162768529
162845204
162918557
162980224
163055583
163091981
163115682
163185118
163387096
163423661
163477270
163547775
163639393
163967318
164110268
164173482
164345042
164391671
164564201
164810129
164878639
164996539
165174588
165202600
165239786
165436211
165551807
165605815
165783468
165805926
165981002
165997375
166017073
166029705
166150852
166219090
166325967
166361181
166380861
166397128
166488026
166519590
166587029
166618820
166658331
166888551
166937971
166952871
167010746
167034873
167094228
167199983
167288512
167330960
167350355
167356178
167504794
167507486
167521359
167724151
167744658
167754172
167760857
167803566
167881695
167914591
167990395
168085141
168112541
168117452
168164436
168203962
168252065
168308858
168411377
168490078
168566844
168757400
168826896
168929826
169036980
169201067
169327739
169464586
169468871
169489808
169493154
169547318
169550082
169743935
170009337
170046269
170215528
170525598
170623901
170940163
171423959
171473661
171518937
171637297
171823641
171854530
171918077
171959742
172100878
172471080
172741299
172758331
172846534
172924576
173206193
173287777
173302169
173312952
173443426
173468574
173585000
173631286
174292706
174311613
174333292
174432856
174774884
174860742
174905544
175026318
175096961
175132394
175384927
175527733
175537048
175735167
175738804
175756360
175852225
175969157
175999253
176061467
176098465
176173171
176184085
176246362
176431905
176443421
176532626
176546478
176692808
176746195
176822608
176961984
176989930
177079990
177596926
177678992
177816187
178085173
178101107
178151201
178209458
178215297
178229589
178241512
178322969
178353817
178540979
178700397
178755570
178940277
179004338
179097620
179104392
179182004
179208726
179241575
179264535
179409277
179440155
179474924
179639638
179679324
179759771
179857854
179943191
179968151
180065043
180170880
180214600
180319315
180363156
180382213
180498413
180539393
180847306
181005663
181041177
181061823
181168729
181371192
181446959
181449647
181537458
181548588
181756549
181983141
182011393
182024225
182063137
182096997
182220941
182298819
182431406
182453563
182527154
182646690
182712633
182713105
182747913
182833252
182964648
183020481
183161564
183169465
183311056
183352703
183443614
183448428
183564842
183753278
183876514
183978258
184228155
184354799
184379474
184456866
184537255
184726280
184744170
184744545
184822222
184832476
185017948
185177770
185268564
185437722
185474157
185498796
185669209
185676226
185688250
185894954
186090756
186233334
186282421
186284520
186397608
186449929
186468883
186496416
186503256
186507314
186583632
186630156
186654126
186665855
186767698
186837979
187122910
187221949
187264623
187305902
187365640
187381927
187383469
187618306
187929868
187936564
188013428
188328820
188377363
188477150
188499339
188601578
188641392
189048800
189101493
189137353
189243270
189293931
189342359
189361543
189426325
189445413
189491375
189598045
189652494
189910556
189927872
189959700
189979785
190031057
190274754
190335809
190347946
190397037
190517402
190676580
190701926
190747404
190785405
190913263
190989159
191023840
191034963
191162856
191212432
191320104
191396739
191511456
191572908
191765713
191775506
191891183
191913440
192048534
192225355
192235406
192239405
192539786
192654257
192871862
192922884
192928338
193059704
193097933
193110884
193200443
193280752
193358311
193374344
193546142
193692933
193939852
193944127
194105404
194107763
194127002
194350147
194410223
194526924
194643187
194691550
194858796
194971161
195068030
195153381
195156566
195442302
195596791
195692242
195702371
195725849
195744524
195805221
196208753
196443498
196472533
196535511
196572513
197034470
197043416
197442742
197558630
197587064
197630497
197632979
197753377
197831401
198048479
198109859
198139393
198156689
198320899
198427483
198458219
198482316
198510001
198839760
198856286
199185610
199298763
199497734
199501263
199503876
199581328
199640185
199670549
199730136
199904593
200114910
200202781
200236084
200246877
200309270
200413996
200433400
200938888
200960781
201057340
201202220
201208317
201213750
201284573
201288867
201352598
201478978
201499033
201527195
201807712
201960344
202057525
202146162
202224844
202345029
202404540
202410877
202421296
202537155
202637740
202670449
202801757
202943445
202966042
203035040
203052069
203073881
203198978
203321562
203325503
203440500
203530744
203536687
203572540
203776281
203799315
203821724
203859877
203891549
203971192
203987243
203989475
203999140
204419641
204428290
204438823
204546250
204620571
204861464
204914031
204915267
205003240
205263384
205285671
205360745
205401063
205402036
205407596
205641617
205699384
205750330
205808604
205861813
205897535
206006292
206055841
206161221
206406520
206690070
206721947
206821124
207043633
207107956
207218682
207283390
207363238
207370568
207372764
207414984
207420074
207608915
207655454
207801663
207895854
207949204
208029595
208119325
208213272
208257679
208305009
208488923
208519584
208559268
208672137
208733319
208804886
208852151
208870828
208923224
209223037
209364154
209603888
209651873
209779567
209904528
210057146
210079612
210219723
210233631
210246623
210264095
210395956
210409165
210861859
210893209
211058686
211305067
211334471
211395064
211459181
211505680
211634086
211635367
211682329
211951369
211994618
212195336
212200615
212245532
212376628
212436353
212485280
212493689
212522804
212596869
212732343
212782872
212931206
213049962
213061284
213105254
213168367
213173032
213175353
213232387
213633528
213747196
213795432
213818283
213840585
213874372
213971480
214017297
214023758
214048706
214109159
214114972
214116768
214305626
214445940
214494556
214652749
214699832
214710927
214813330
214860863
214981905
215035602
215058498
215192432
215233118
215390124
215424568
215496511
215539086
215658618
215705722
215797630
215951028
216050159
216089429
216230933
216350875
216409565
216411704
216433279
216464434
216597710
216610262
216649099
216760224
216788230
216911219
217054196
217116055
217120342
217176635
217203682
217241024
217269023
217347413
217390775
217616041
217748398
217804677
217940207
217950502
218094472
218157177
218313920
218611154
218714578
218906861
219123910
219197868
219374659
219619582
219672039
219780807
219799808
219804386
219852366
219877343
219928437
220036961
220219249
220269078
220914023
220946571
221100990
221118541
221148184
221155346
221430647
221539194
221685316
221688787
221744908
221816283
221859891
221978617
222197525
222244312
222251862
222466682
222570660
222785041
222832264
222906955
222926970
222929932
222975888
223105752
223167538
223168134
223436829
223477604
223570224
223749419
223776279
223815281
223869559
223880045
224184202
224219414
224340709
224354348
224429015
224444590
224613334
224758466
224801617
224931265
224960979
225038450
225053918
225062797
225362873
225475835
225745164
225910233
225933645
226136573
226157054
226281600
226449104
226495866
226781237
226819258
226842386
226943867
226946970
226985031
227136083
227262703
227286885
227352925
227367826
227504141
227849928
228050621
228076944
228274599
228319545
228397129
228432935
228539581
228627388
228720505
228821537
228844058
228975437
229218349
229375077
229533830
229580295
229666330
229863971
230024286
230030646
230103298
230118501
230261438
230261957
230338618
230377917
230391876
230504002
230721278
230757265
230889710
230892035
230901638
231009051
231315353
231343186
231497268
231561226
231801013
231865308
231866766
231933587
232062505
232166850
232206658
232214242
232247831
232256608
232336855
232404346
232424176
232499871
232573449
232586918
232723326
232782481
232934006
232957122
232959864
233136561
233254689
233283020
233383197
233577055
233682222
233737165
234069293
234217827
234294150
234325589
234518157
234632410
234973316
235164320
235228829
235281650
235528425
235547648
235600813
235603942
235619449
235630977
235676936
235920098
236005794
236010053
236049542
236073000
236123289
236197084
236219149
236250769
236340157
236509871
236545163
236796275
236831819
236971366
237283996
237491543
237686439
237790393
237874249
237954354
238106413
238160109
238221633
238270758
238315038
238362068
238398338
238457635
238507825
238574586
238996476
239096242
239283069
239424359
239479250
239497254
239631198
239705041
239715291
239801765
239986953
240038857
240299999
240454166
240488634
240562678
240570089
240652724
240767677
240843369
240938180
241057239
241170480
241208034
241265940
241463214
241548546
241681943
241721484
241748878
241762673
241764421
241769850
241912754
241995385
242059101
242095162
242171298
242272960
242350203
242397078
242420549
242494729
242501060
242573523
242582252
242599962
242628247
242842253
242860602
243081251
243201147
243409825
243633520
243893494
244036020
244055718
244138685
244183687
244325268
244571249
244866899
244907761
245386981
245423545
245440357
245475880
245498264
245746736
245758684
245765560
245833510
245916005
245928007
246023469
246086312
246087702
246092895
246158946
246187638
246241386
246242013
246246329
246427747
246501134
246533865
246741665
246769452
246769506
247045039
247047587
247067655
247207781
247216870
247555095
247599864
247602659
247932201
247959045
247998657
248209324
248461789
248579997
248923343
248931275
249158477
249233549
249345654
249435232
249907266
249917385
249962474
250084106
250107485
250144069
250224125
250246172
250285647
250320268
250425711
250436215
250454634
250627204
250665966
250886054
250899224
251129180
251261444
251371933
251438534
251458406
251496383
251501099
251549930
251565005
251625444
251745943
251853321
251899907
252023677
252046132
252103979
252214945
252230182
252248951
252256465
252365493
252568149
252592236
252693885
252807566
252887008
252943682
252974124
253023824
253098078
253150998
253259352
253314189
253335311
253336345
253436519
253451937
253458404
253566892
253777042
253779992
254072246
254117571
254392336
254439725
254518376
254522379
254804316
254903536
255009497
255016022
255346583
255507109
255602896
255714824
255716814
255768831
255963626
255996879
256030809
256072940
256074834
256272079
256307980
256373319
256540916
256546201
256565920
256603006
256671867
256714379
256717499
256760882
256813922
256847075
256873616
256881114
257017166
257101214
257277268
257358884
257436410
257724064
257726592
257738075
257770108
257828984
257832489
257972058
258076682
258152171
258212769
258221328
258266117
258447863
258477413
258631955
258774009
258996545
259003926
259066207
259142306
259180614
259221383
259300293
259333426
259365888
259483355
259562405
259690601
259770872
259851634
259884849
259984263
260060033
260114411
260249060
260265916
260300029
260302344
260391730
260421280
260447411
260476056
260602416
260736885
260741083
260794244
260801043
260907666
261293656
261538151
261706884
261823722
262198382
262222180
262311404
262379727
262412907
262510738
262715019
262797937
262870100
262953006
263002296
263087206
263126106
263321611
263407730
263455075
263544059
263695735
263911242
264319995
264332137
264425575
264641355
264921737
264980053
265135434
265209977
265301334
265364758
265367792
265488450
265505532
265632142
265716184
265908454
265969132
266009037
266082417
266149272
266185404
266214611
266226469
266355969
266542232
266548226
266609618
266616847
266735733
266804039
266914357
266930791
266963152
267117730
267180627
267542599
267771012
267874674
268084375
268094700
268137759
268174477
268239026
268251801
268283488
268333585
268334567
268507407
268598928
268642838
268675857
268748662
268777325
268858940
268894925
268945172
269194854
269382154
269415308
269556191
269629265
269640648
269660217
269712399
269807689
269995007
270013144
270015970
270028854
270153528
270189913
270215720
270531150
270535123
270674084
270800544
270817514
270911332
271002516
271003116
271167602
271172794
271298891
271299183
271447891
271809563
271840886
271988512
272059957
272061001
272160549
272276452
272409739
272677865
272746051
272761390
272769199
272798400
272804915
272912577
273005620
273250089
273297663
273300092
273353468
273839576
273927941
274073928
274242638
274321672
274326334
274526873
274605423
274636309
274685441
274756563
275072103
275168585
275258883
275267405
275453594
275522396
275685769
275697451
275700253
275718390
275744533
275805134
275866839
275935247
275960626
276017786
276089896
276401430
276648532
276953112
277018360
277041151
277084517
277192987
277301848
277319172
277633352
277693681
277718762
277731965
277767895
277882020
277977849
278068742
278177149
278208776
278343107
278389563
278395695
278460862
278465003
278487824
278544936
278840373
279124684
279249568
279581538
279725276
279729593
279799088
279835963
279865470
279998050
280070026
280182190
280233371
280275201
280308740
280545120
280556572
280606621
280611273
280660597
280770768
280776512
280917600
281057154
281057777
281084312
281253865
281344906
281470026
281780709
281882151
282090601
282117499
282121263
282170309
282246677
282350211
282422523
282437297
282450109
282672030
282741447
282799606
282845364
282871275
282927848
283225097
283330764
283336594
283578931
283664114
283739228
283818011
283866120
283931270
283951215
283976087
284170297
284197765
284263706
284343673
284470644
284549342
284641546
284868580
284890305
285076124
285092441
285399684
285493777
285577126
285587454
285637169
285933144
286044921
286058542
286118975
286238133
286273980
286288672
286324956
286344749
286391589
286561431
286582615
286932926
287029511
287162280
287311259
287316057
287342036
287409346
287410848
287434746
287437297
287447920
287770730
287907864
288084702
288161625
288188776
288214310
288324309
288593587
288668944
288907101
288914114
288984769
288995139
289045385
289105604
289147419
289192383
289260260
289337395
289720903
289727309
289745072
289845201
289989290
290081461
290298544
290380707
290448299
290489039
290517900
290604068
291042560
291105532
291119558
291161112
291222657
291310216
291323060
291383183
291451971
291500798
291573851
291714368
291821244
291995694
292027776
292115091
292118823
292233703
292347986
292428238
292637584
292667477
292785821
293086979
293110247
293270949
293338253
293505817
293583265
293640704
293741581
293810813
293816252
293820296
293887702
293921750
294095347
294097304
294112847
294211625
294263100
294566856
294609132
294614285
294736208
294927880
295028762
295042136
295062385
295099597
295220317
295235465
295275603
295287794
295296016
295309442
295432019
295576052
295600695
295654995
295676970
295887612
295972429
295996189
296065465
296131988
296375083
296431211
296522880
296525523
296625807
296772831
296861191
296951980
296985076
297042948
297054279
297081499
297157101
297203985
297227573
297345615
297385519
297466649
297492392
297551295
297563108
297621417
297628740
297647274
297663433
297682818
297803668
297808809
297814555
297893862
298221431
298296923
298362040
298372891
298477350
298527916
298624121
298659992
298706105
298720469
298803151
298864774
298929823
299089335
299104845
299169066
299351361
299429832
299430823
299455302
299510993
299520975
299536862
299567953
299579843
299594941
299605525
299694201
299751804
299802706
299881000
299942798
299992310
300066946
300168820
300177416
300207599
300223951
300461643
300645322
300760857
300786042
300896753
300897480
300911126
301024027
301133885
301467208
301555412
301571568
301719433
301794700
301811874
301855185
302036161
302203543
302333143
302607008
302621311
302624397
302657113
302728970
302790914
302791556
302807549
302821840
302898840
302963487
303000566
303039684
303091700
303258700
303267027
303321288
303370246
303378543
303620135
303981954
304012457
304212692
304256055
304333834
304376303
304473942
304474004
304509111
304559902
304618722
304700475
304731047
304838994
304840502
305019209
305277037
305406850
305625547
305650569
305774494
306004761
306188370
306281492
306354342
306493242
306717422
306852806
306858958
306989261
306994225
307007433
307262931
307273890
307315773
307338148
307381010
307717301
307751843
307753561
307765892
307905875
307911617
308081943
308107892
308117388
308221707
308266666
308336947
308702345
308776042
308914421
308935080
309080075
309143074
309213187
309278686
309598907
309803616
309950395
309972340
309973667
310042386
310221268
310321831
310356027
310417152
310487202
310522381
310549786
310559943
310643671
310670329
310672954
310747678
310754512
310849259
311001630
311188394
311218819
311222714
311416363
311447695
311743624
311873605
311879518
311984367
312101658
312115048
312619705
312626650
312656530
312909316
313078733
313183626
313290308
313367316
313620512
313645290
313679180
313814573
313876096
313883172
313937460
314020463
314065949
314164694
314177818
314273114
314519253
314562920
314599090
314602692
314625390
314759364
314784733
314975155
315259465
315316449
315497580
315566621
315576032
315666108
315842988
315930837
316150175
316233430
316347794
316515966
316641141
316677099
316769071
316828205
316905519
317087689
317190573
317312301
317320931
317371973
317534343
317619623
317696325
317703568
317755669
317867816
317929829
318152124
318223852
318394235
318416073
318501224
318518932
318649713
318767187
318789241
318819531
318864695
318916447
319014550
319076950
319139216
319242801
319250086
319399864
319402035
319474161
319487154
319499276
319622864
320138391
320559428
320569186
320770972
320822906
320917936
321198903
321255235
321339813
321354563
321433214
321460353
321486210
321570757
321599924
321726626
321748566
321814961
321931882
322001100
322048577
322112716
322682431
322693616
322859699
322861802
322895349
322917620
322955186
322963546
323061717
323148696
323219313
323464843
323567014
323815836
323838378
323921317
324016061
324099723
324157819
324214766
324263368
324319039
324384633
324652886
324741095
324768436
324778762
324848069
325000709
325005226
325030071
325034823
325202615
325215440
325315146
325403862
325405026
325407383
325638236
325644545
325753461
325810390
325863104
325886965
325902769
325959636
326007712
326061332
326104326
326135355
326144967
326236546
326302905
326350806
326382620
326546119
326565036
326630200
326665229
326756748
326760077
326770088
326796352
326824465
326828957
326840923
326847192
326923694
326981821
327206710
327323709
327371536
327521855
327522840
327637313
327651279
327663708
327668716
327848759
327856995
327869890
327979690
328083033
328316165
328401419
328489849
328894432
328912614
329189758
329435963
329520949
329652226
329757615
329813262
329869206
329928120
330029234
330332042
330453380
330457210
330498195
330520561
330530739
330550668
330557239
330600561
330710866
330711844
330819125
330837620
330943958
331130461
331160982
331239882
331258354
331284269
331308939
331515567
331560137
331603069
331640119
331760638
331834907
331896366
331988696
332035458
332077983
332108427
332235746
332311130
332326411
332493068
332518714
332560633
332614315
332655122
332830143
333154622
333213248
333256896
333308071
333337448
333375007
333485164
333532784
333701832
333876060
333917718
333939971
333960173
334060230
334132727
334213833
334475332
334496590
334548653
334793937
334860845
334888202
334911655
334989191
335005492
335328879
335490948
335513398
335628399
335665048
335724517
335766340
335790686
335793712
335957918
335994628
336091417
336177368
336194589
336225716
336539713
336629456
336672429
336737444
336851664
336893264
336989853
337035144
337162793
337369923
337465500
337482324
337527081
337576674
337704890
337755194
337799152
337947606
337960314
338021363
338099765
338230206
338318902
338337385
338669444
338719264
338783012
338949155
338986548
339001499
339048817
339267379
339280334
339412947
339441089
339497479
339623324
339643904
339955054
340129852
340202029
340339982
340403083
340479193
340481205
340659758
340799161
340824080
340835763
340859066
340992991
341025789
341166447
341176039
341186916
341208628
341236343
341250408
341316113
341375426
341518850
341525049
341535197
341616319
341619018
341624240
341697622
341810458
342206219
342209111
342222578
342311944
342376672
342553645
342600207
342767053
342771780
343255577
343304232
343366741
343369084
343537052
343624529
343813090
343906752
344086358
344293136
344736844
344800795
344837783
344890368
344939307
345038450
345120378
345171257
345233224
345241569
345453089
345604827
345759080
345776564
345855406
346090564
346101204
346364965
346408259
346436033
346465034
346520854
347051773
347106186
347187753
347601538
347672667
347904641
348267840
348297071
348418169
348457273
348590964
348611224
348619461
348619738
348639067
348694401
348742921
348780081
348914657
348979328
349056933
349113594
349502015
349601432
349696442
349882758
350098978
350162477
350244529
350390878
350409298
350414606
350428735
350680979
350687027
350710606
350712333
350877659
350894228
350906679
351012103
351046732
351373688
351403053
351779482
351784920
351866066
352211242
352260515
352406752
352425060
352436865
352836659
352839879
352875513
352880924
352922652
352984895
353057657
353199186
353220249
353271347
353280672
353299644
353417138
353454610
353567077
353590731
353591675
353675526
353696919
353710273
353840481
353865672
353971449
354373890
354484838
354542310
354588799
354729657
354745672
354748763
354905841
355112316
355118692
355165734
355284819
355306935
355322015
355345657
355371131
355551802
355611384
355627492
355736667
355749732
355759520
355776999
355936326
356086596
356168557
356222137
356224184
356376433
356463798
356473454
356509526
356565446
356670579
356741875
356750882
356834137
357257394
357349985
357522120
357578756
357766597
357774647
357805994
357960191
357969165
358058969
358066585
358498418
358518956
358530741
358618642
358648581
358676454
358956613
358981908
359329085
359466863
359470743
359491069
359829265
359895762
360039611
360074364
360203347
360312288
360328223
360438737
360499181
360621547
360937437
361008438
361201354
361232479
361316254
361541999
361548400
361632117
361656025
361845572
362052908
362074266
362074541
362148304
362153030
362620520
362655036
362796333
362824538
362886551
363010194
363042172
363071575
363109039
363199012
363300690
363353620
363364438
363465064
363573030
363642882
363676680
363781475
363858025
363910779
364022499
364175058
364314857
364484487
364717264
364825838
364903412
365113757
365480689
365527248
365689820
365713075
365734741
365776557
365782330
366065342
366113692
366394629
366411589
366513557
366515566
366567651
366756748
366861042
366879848
366891714
366918692
367004868
367077258
367131898
367235478
367281151
367408229
367628283
367656527
367765120
367946062
368073500
368154224
368265517
368308912
368349478
368372739
368580011
368682060
368715014
368730875
368811694
368846307
368945932
369069763
369106251
369132141
369154278
369328280
369460337
369527612
369622454
369953342
370137212
370322542
370349712
370680967
370701465
370796892
370948836
371208863
371434407
371477397
371625065
371631952
371634912
371770607
371921382
372220433
372240235
372244352
372374296
372416639
372430278
372472158
372549556
372605711
372679690
372715884
372740804
372836938
373212812
373270412
373663533
373746977
374026069
374242576
374487203
374524284
374550510
374830927
374845026
374872228
374925021
374965349
375073536
375116716
375253963
375260611
375334032
375397620
375407368
375437260
375487580
375707657
375781612
375914875
375962650
375989014
376013338
376059692
376317447
376406755
376417306
376560420
376591650
376701626
376759053
376878123
376987100
377058103
377127165
377152255
377205869
377410009
377451998
377503153
377728927
377773785
377796571
377824663
377846020
377975113
378056148
378138620
378231171
378293227
378754014
378830318
379016507
379046731
379150180
379157583
379186406
379339997
379360855
379530932
379649225
379735920
379776512
379844757
379863578
380165246
380223515
380255279
380364745
380401265
380635080
380712601
380870729
380908975
380992355
381060676
381108529
381127871
381141322
381196429
381205161
381220324
381248532
381464945
381581067
381616144
381630983
381781820
381873925
381907571
381994039
382098520
382123393
382392609
382428331
382463433
382678758
382775444
382806688
382810565
382816947
382880873
382901201
383021699
383082675
383182003
383336584
383668342
383752418
383773949
383886451
383923214
384438470
384450013
384598979
384674038
384871227
384943986
384956697
384967317
385032488
385158465
385195303
385238796
385252928
385265561
385268767
385319110
385333794
385346521
385469012
385578170
385596728
385597047
385698801
385780206
385780522
385831308
386093944
386117767
386238925
386269891
386390586
386621882
386666217
386772914
387195314
387196322
387258407
387284958
387362965
387370748
387420462
387482958
387531853
387576695
387719965
387829961
388098539
388165152
388186781
388258625
388388349
388451682
388548861
388589393
388643446
388781073
388831193
388872708
389021020
389326933
389334415
389615185
389853007
389882077
389949956
389990826
390049694
390084868
390184617
390201704
390297630
390406682
390436147
390520447
390531937
390572185
390603415
390913016
390971941
391150815
391162597
391210421
391288182
391291109
391318066
391430214
391436966
391455181
391472954
391705370
391769395
391815604
391816120
391875568
392118416
392209059
392363825
392496654
392514412
392653902
392712160
392752075
392982163
393120321
393222729
393267481
393288120
393338035
393510574
393540796
393552515
393572512
393588731
393747365
393856809
393915328
394028301
394191121
394374926
394378417
394400716
394602806
394927135
394952564
394980595
394980625
395079521
395116842
395234757
395314455
395664482
395703160
395706803
395739532
395966157
396139947
396184747
396424717
396457734
396484478
396487492
396570139
396595539
396785242
396825539
397141123
397142290
397163219
397164699
397244134
397320836
397535536
397730452
397745216
397956035
398072349
398121322
398215968
398404463
398591835
398604006
398618654
398628026
398889639
399168223
399261722
399270194
399408066
399491173
399556840
399763441
399955893
400031875
400033620
400059007
400109118
400291694
400613011
400716763
400737613
400794418
400997875
401008008
401086868
401098536
401154834
401216952
401219476
401239097
401246403
401657308
401925391
402152534
402179950
402238393
402261049
402463987
402505522
402629741
402697328
402713025
402727774
402939909
403167805
403179029
403214794
403416287
403456927
403603161
403673441
403706515
403709521
403763676
403859573
403891755
403951839
404082402
404144088
404251049
404262083
404267923
404269236
404438794
404518192
404520584
404673777
404681441
404749756
404788947
404828198
404908627
405106976
405305397
405428525
405490118
405621575
405732162
405778271
405823990
405924562
405952191
405952965
406113522
406246083
406262052
406273427
406437019
406600401
406690310
406936690
406966126
406978169
407032844
407093963
407154967
407458840
407494635
407511383
407578755
407751237
407818865
407904124
407928080
407979723
408245596
408256543
408334068
408354424
408415157
408570972
408604462
408817923
409013131
409062378
409178387
409244057
409261151
409344104
409456996
409531859
409692135
409712970
409736678
409849030
410246068
410296882
410381387
410415430
410487910
410491673
410492159
410581059
410824877
411023838
411068136
411101047
411189605
411249621
411278395
411290149
411342178
411376385
411482865
411745996
411783998
412010641
412103563
412147239
412178133
412473841
412483285
412549954
412745833
412954363
413125759
413197918
413376686
413587286
413719672
413734315
413782582
413820368
413842962
414158202
414191199
414231813
414238386
414289934
414437778
414555866
414603692
414684474
414711646
414718102
414987337
415059511
415155556
415224994
415391842
415467729
415594345
415647796
415650681
415728134
415775780
415944895
415951082
415970876
416020294
416182548
416447270
416489116
416526478
416600787
416671904
416702442
416758260
416787229
416793015
416873492
417052537
417079540
417097747
417276083
417349082
417505297
417553769
417568745
417612353
417633330
417698423
417906557
417911710
418136694
418159100
418260698
418417301
418562482
418787253
418891306
418920675
419058637
419069962
419224699
419500913
419506032
419678935
419707496
419723529
419772421
419807759
419899859
419923280
420001930
420003163
420087157
420207991
420329622
420337985
420450096
420575756
420683666
420685968
420922813
421171466
421197321
421268181
421490461
421502430
421619021
421704997
421760890
421801688
421850652
421851732
421923038
422132009
422240153
422543007
422651613
422686605
422688685
422845022
422908876
422956251
422961354
423111207
423194248
423324131
423328420
423406010
423420002
423431112
423451749
423472844
423515136
423659484
423692387
423734969
424046903
424059537
424105840
424123366
424127458
424134886
424280061
424280632
424325825
424376478
424549241
424569452
424790593
424850305
424976662
425072119
425148009
425180026
425181526
425266517
425708563
425836362
425944595
425947405
426088578
426313976
426346229
426346938
426453310
426478816
426497109
426528214
426528957
426541681
426542103
426590048
426742540
426759798
426944322
426959144
427127807
427302208
427308768
427332980
427454521
427568828
427598917
427618042
427730270
427771573
427783785
427955762
427964368
428057338
428073025
428273833
428317055
428318779
428350075
428406275
428666964
428741460
428825585
428989710
429270639
429311852
429340617
429488361
429509785
429850998
429863356
429889248
429898453
429964113
429987969
430061297
430140332
430159562
430200461
430377348
430393241
430398773
430515849
430519660
430650433
430735658
430751015
430756197
430836021
430865214
430949163
431191975
431196960
431357344
431437406
431525775
431760276
431909927
431999972
432037899
432165677
432291074
432304756
432570217
432736333
432923782
432955153
433024857
433044766
433052889
433215614
433266734
433329556
433338698
433410996
433438973
433488297
433518335
433890963
434024703
434136372
434140658
434193816
434316875
434339744
434380684
434386597
434390977
434640771
434665738
434698429
434763307
434863517
434992531
435070467
435098128
435099686
435110853
435187052
435213047
435247083
435385455
435579064
435590268
435637966
435639367
435760692
435850205
435925232
436131668
436345815
436356200
436568725
436584588
436586423
436695380
436826302
436844079
437057813
437068739
437108079
437344307
437345577
437359790
437466042
437549735
437803278
437881537
438016314
438093678
438124270
438306661
438345726
438555739
438571443
438589173
438644005
438675385
438697479
438747794
438927206
439197521
439202241
439202376
439338724
439501085
439540634
439801312
440016348
440043819
440044155
440237014
440264972
440401448
440560534
440620523
440657771
440692844
440767876
440931193
441042306
441082345
441152571
441206069
441330409
441449418
441453031
441486868
441660764
441697561
441698756
441732421
441808831
441865987
441906276
441910239
442132725
442297646
442451258
442679024
442816267
443010025
443051925
443057115
443202512
443266377
443309214
443376543
443509562
443709479
443733248
443880887
444028333
444044057
444048523
444090993
444105882
444126555
444226500
444236163
444278289
444344389
444402873
444407703
444437187
444586838
444645065
444675923
444709383
444719564
444900141
444954942
445075520
445345689
445350898
445482666
445515724
445600043
445740358
445796910
445962159
446023538
446220572
446295477
446362189
446371297
446421288
446424818
446439194
446553891
446709296
446722614
446740471
446799569
446887262
447121626
447181342
447217354
447222523
447295667
447422058
447429760
447535232
447573751
447709113
447713378
447737703
447808626
447878826
448112522
448134814
448351508
448494229
448645358
448660146
449016822
449046765
449164079
449266177
449310051
449334171
449507173
449813714
449888681
449890401
450012368
450018345
450192700
450441799
450524230
450533876
450647539
450710527
450785001
450856406
450988849
451047152
451182213
451282375
451306441
451393071
451445693
451530062
451607991
451613082
451769028
451812609
451815466
451857787
451897300
451934685
451967375
451969912
452024671
452057951
452167876
452187840
452215645
452371025
452375301
452511103
452890406
453072960
453162791
453186042
453280840
453294648
453299482
453562705
453573221
453645279
453686041
453806132
453991646
454110789
454124142
454281139
454399269
454485249
454490730
454742034
454764242
454951284
455076206
455185987
455195499
455245444
455380791
455394564
455625341
456024805
456069967
456101599
456142858
456223216
456302002
456349782
456381399
456474201
456800561
456859836
456895109
457161007
457172705
457425703
457497801
457890052
457937202
457992698
458097031
458117934
458192229
458381327
458481984
458575263
458892141
458958445
459010081
459031358
459055902
459084418
459220126
459252054
459275116
459330988
459332603
459619090
459673228
459786237
459836207
459877763
459920186
460002215
460175755
460219451
460225953
460460888
460477261
460583145
460804770
460876558
460915088
460982185
461040311
461127823
461464166
461477936
461720633
461789157
461833337
461851487
461879607
461985156
462032550
462069149
462144207
462430238
462479462
462562426
462748660
462928879
463010038
463026257
463062770
463114082
463233011
463393551
463428312
463441723
463530110
463672112
463691249
463704107
463725144
464326960
464448346
464555182
464581259
464689227
464729998
464778271
464839929
465009499
465106720
465151498
465163119
465331332
465358894
465431448
465435717
465445637
465517875
465523932
465531463
465690370
465831345
465935139
466021301
466049598
466147655
466183125
466199942
466282622
466286093
466541364
466607848
466640742
466665847
467169425
467181230
467442665
467647548
467698354
467853841
468186109
468186811
468209335
468233535
468247448
468261022
468304718
468451142
468623078
468808536
468819776
469006233
469031743
469147015
469156796
469204519
469330210
469331597
469500914
469672360
469775400
470070615
470086752
470259264
470284000
470342086
470355062
470393127
470441387
470706040
470834073
470868349
470881080
470917494
471023723
471091766
471171597
471285470
471469071
471559639
471576203
471641470
471746578
471805727
472045088
472109057
472276914
472420719
472500644
472587414
472791007
472944835
473261958
473400708
473454488
473620041
473627984
473696592
473701675
473811961
474056510
474104217
474523163
474528985
474641177
474659601
474747136
474753239
474881167
474905053
474917725
475070852
475304097
475340859
475446175
475593468
475673255
475679639
475743827
475888446
475987378
476029597
476214548
476401449
476402073
476538761
476885584
476904251
477294955
477335335
477413900
477533064
477882891
478225210
478346778
478406160
478441654
478448723
478629933
478631866
478636236
478652787
478698873
478774053
478797923
478929140
478930719
478935067
479031128
479077205
479190831
479193131
479225103
479271880
479395046
479584453
479627481
479632388
479676660
479816994
479882979
479915092
480059055
480164294
480171021
480287840
480398399
480470864
480546523
480549484
480741394
480783933
480835825
480917005
481125986
481213085
481356528
481357954
481404863
481522366
481780638
482097317
482172558
482276149
482422669
482494617
482648558
482723988
482762973
482830937
482850136
482941756
483137265
483297752
483315383
483498707
483801538
483818183
483951611
484034396
484047079
484101147
484208577
484348623
484426896
484478296
484513987
484521835
484627229
484698517
484858111
485007406
485065932
485122890
485236044
485282002
485442625
485462315
485497242
485503623
485707049
485731469
486048492
486280975
486417525
486559207
486706982
486718914
486777124
486878657
486924622
486936694
487003514
487150119
487264301
487274213
487288717
487338474
487400791
487492683
487604468
487610202
487937016
488084536
488152686
488161133
488242616
488268317
488350067
488457309
488493102
488583613
488674666
489000013
489142501
489310707
489341011
489474811
489595605
489774782
489831477
489857265
490044014
490060331
490066245
490106089
490225597
490443801
490779976
490809682
490890735
491092823
491141455
491233396
491292214
491708949
491925514
492057931
492123251
492226421
492373221
492408552
492411215
492518164
492604309
492671937
492724644
492758943
492806899
492826335
492969498
492971580
493000082
493122676
493233111
493313335
493319571
493325865
493337246
493529890
493558694
493628806
493699956
493826402
494058191
494091912
494117533
494226426
494288754
494594855
494620769
494650739
494676902
494679642
494701949
494889783
494989003
495090861
495166239
495175780
495270443
495350963
495395872
495488626
495562941
495587929
495629564
495694062
496158936
496214502
496281150
496308452
496351047
496370971
496475581
496632137
496651042
496655512
496678363
496734401
496759587
496787007
496815891
496872199
497543190
497710508
497829443
497906477
497912831
498444864
498523346
498666906
498668419
498907536
499143619
499171053
499190787
499208795
499349824
499381722
499479123
499555534
499569640
499720991
499784017
499810315
499812395
499872017
499972806
500157025
500171089
500187155
500208996
500215055
500297812
500301573
500315601
500350724
500353803
500602866
500798651
500875367
500898220
501171473
501261665
501266248
501274861
501332873
501438082
501566525
501701447
501707835
501889590
501891894
501936355
502056884
502183316
502384314
502436351
502450141
502486512
502596792
502793889
502964287
502992410
503125417
503445020
503598075
503603891
503855998
503979035
504142571
504275726
504327064
504446802
504468093
504696521
504786529
504819969
504824304
504928345
504942044
505023603
505119743
505187619
505262149
505353359
505378129
505427316
505468760
505681102
505700455
505788604
505789064
505850726
505938052
506004489
506009093
506069660
506109377
506161194
506396141
506461839
506505471
506520754
506608846
506620892
506719650
506791410
506868738
506924328
507273631
507374880
507380190
507565552
507588434
507812698
507867726
507943845
507952615
508030788
508300583
508334990
508416809
508436369
508437087
509035827
509043943
509265163
509265500
509325578
509363073
509639997
509893570
510010987
510152731
510236390
510249095
510270419
510315076
510347574
510361754
510390017
510406574
510455325
510474454
510526656
510646662
510758812
510814413
510880518
510957286
510994118
511329176
511329368
511364500
511391946
511411345
511486204
511512087
511685943
511746079
511826087
511932038
511999757
512000052
512034304
512060517
512116823
512245430
512317059
512440797
512444046
512481565
512489444
512587318
512627498
512644031
512652839
512860580
512861508
512897387
512957292
513081104
513101523
513113960
513203431
513205749
513282503
513353310
513424751
513591455
513668742
513669131
513778226
513907434
514027616
514130727
514207233
514223534
514289263
514315915
514326177
514349231
514394909
514404753
514505787
514515871
514539011
514558918
514735824
514976372
515120870
515143772
515281908
515299581
515332357
515521736
515538272
515863261
515895978
515931800
516080833
516210466
516212906
516427665
516464807
516526933
516565259
516592138
516643320
516978277
517103382
517291673
517309051
517375072
517387954
517441381
517484398
517522490
517723709
517746116
517779067
517947148
518016763
518020099
518177974
518243785
518270980
518477840
518513795
518658213
518688520
518884043
519028222
519263482
519283959
519497971
519624296
519626060
519662584
519773706
519838825
519932223
520132577
520224747
520249619
520279138
520370991
520687025
520748545
520795621
520809827
520920963
520939028
521266669
521377863
521416704
521449034
521594595
521640905
521721030
521736331
521782293
521904959
522048387
522049772
522102200
522126830
522141553
522214640
522449165
522454925
522462057
522465110
522492131
522532552
522654680
522669344
522699383
522739150
522881188
523070974
523085037
523085836
523324410
523346525
523424708
523818077
523876188
523967624
524138043
524153032
524169727
524314186
524572818
524719300
524804087
524865508
524890660
525018551
525047958
525300597
525389193
525394321
525474161
525485873
525513220
525565425
525594562
525663723
525718569
525824906
525888385
525949099
525958834
525960943
526115196
526201198
526301084
526607893
526908226
526939891
526949284
526961644
527015190
527072470
527145727
527192011
527517137
527702521
527832322
527855605
527903852
528240967
528270529
528323428
528387045
528512078
528543722
528904242
529187046
529207886
529241968
529272838
529334135
529384172
529422105
529461201
529539006
529616717
529682810
529740744
529774826
529962699
529982651
530170331
530234364
530285852
530522993
530527162
530545478
530557285
530585206
530901958
531029463
531052925
531054064
531186822
531189181
531341573
531552268
531670358
531825829
531974941
532097088
532117275
532152302
532208018
532224654
532230650
532268473
532272666
532474686
532493184
532529078
532583363
532593417
532601885
532733081
532733210
532850230
532921699
532950303
532962595
533257568
533325939
533535381
533540902
533583579
533596431
533642495
533707167
533716116
533849862
533946241
533959784
533965486
534444784
534481140
534534296
534550049
534569521
534663950
534738593
534772799
534806022
534974809
535122734
535204096
535211758
535288584
535517198
535519794
535578386
535669568
535715202
535805682
535834381
535857842
535888477
535945268
536073450
536176512
536212545
536259854
536275131
536511241
536676026
536686735
536721549
536983619
537276788
537307486
537318235
537330500
537453045
537469285
537592788
537673452
537715160
537734030
537815430
537825971
537842409
537855448
537983821
537995234
538016430
538081069
538115351
538184337
538333255
538522191
538676597
538696372
538754830
538780072
538812418
538952844
538994124
539372518
539456505
539647387
539648690
539878625
539950414
539975983
540047174
540144810
540205248
540252892
540395591
540480346
540480759
540494329
540565786
540569746
540822771
540837869
540890678
540904288
540916322
540955981
541032049
541093414
541126187
541152457
541260343
541339338
541405207
541424206
541616760
541640462
541730746
541742547
541792369
541810949
542454663
542460683
542550381
542595457
542603576
542761700
542762144
542779350
542859446
542925209
542959996
542966425
543092543
543362429
543380562
543459912
543507910
543648854
543660128
543733844
543852754
543952200
544084992
544180455
544220789
544380379
544651928
544655242
544664641
544771846
544781810
544798297
544811501
544835982
544904486
544965065
545000117
545176891
545227087
545304555
545312510
545325038
545392130
545463197
545528629
545537618
545639773
545773641
545953404
545985073
546344038
546389193
546523360
546805066
546878688
546970189
547113435
547148527
547161854
547205022
547224349
547481756
547505221
547612570
547838780
547897266
547910557
548030894
548038012
548076988
548109933
548216933
548228374
548399721
548543441
548575713
548730293
548820635
548890250
548972894
549025160
549121423
549215321
549426653
549475337
549548610
549632372
549634141
549710932
549965401
549976593
550190066
550195087
550380770
550402729
550574792
550581387
550610288
550866388
551019682
551059807
551203398
551230385
551390516
551410863
551866876
551875692
552035080
552075987
552300994
552748348
552750028
552817676
552825794
552828574
552881496
552896385
553176056
553308112
553374513
553476688
553606154
553611903
553637756
553664895
553733203
553813751
554046737
554058955
554132130
554317069
554530036
554651834
554686202
554729623
554805453
554805679
554956801
555027765
555099029
555133625
555252626
555327384
555396887
555404673
555414747
555446477
555496977
555653304
555790181
555858219
555872088
555994660
556050326
556146002
556455291
556668809
556670979
556730291
556795361
556858078
556959019
557135938
557172423
557266912
557294632
557375235
557429966
557441594
557599041
557605668
557794866
557857524
557939241
558181817
558218354
558432035
558639235
558745549
558757046
559331771
559453384
559553793
559574865
559759601
559775985
559866289
559946064
560460220
560484003
560501609
560534613
560613088
560823382
560830737
560974455
561016154
561032225
561066680
561135375
561150011
561185887
561241460
561277659
561402321
561800652
561847156
561967318
562104807
562152876
562223367
562253202
562538213
562592937
562887486
562928663
562994273
563093025
563204603
563269962
563381490
563599039
563608301
563618289
563921350
564114139
564250973
564279344
564330459
564335361
564714826
564823723
565102801
565123409
565166207
565190269
565276835
565323915
565401129
565406496
565436864
565498729
565538343
565607007
565719273
565761255
565843900
565957697
566106367
566198683
566271860
566626738
566636013
566636971
566653322
566780569
566877916
566935210
566974228
567096956
567317292
567325894
567351002
567384061
567405200
567450424
567469344
567587659
567662671
567889689
568215128
568257345
568332554
568448899
568492569
568516164
568738192
568763701
569013748
569029713
569130922
569260628
569415755
569765489
569836531
569997149
570000052
570075685
570254787
570294566
570297854
570368510
570371306
570386774
570535063
570688675
570964116
571077441
571084639
571103719
571212826
571255429
571580100
571694903
571723210
571741706
571776187
571911581
571930129
571964608
572148095
572158279
572306649
572518493
572590430
572620635
572633782
572662070
572815170
572990114
573030188
573199496
573270022
573410964
573584963
573683871
573899349
573941572
573941954
574017640
574018665
574147848
574187841
574372120
574725935
574747923
574757767
574932519
574994190
575014799
575030357
575066231
575089464
575097800
575391980
575392758
575457947
575526750
575701327
575719612
575765349
575790086
575802824
575820393
575832015
575907049
575956357
576013183
576082852
576085282
576118083
576172823
576182907
576378200
576448608
576472393
576601856
576627549
576765199
576803499
576814060
576905872
577014712
577049395
577111954
577212399
577237133
577275646
577279743
577413203
577429190
577440627
577526805
577529207
577568095
577633410
577642882
577833558
577875927
577906056
577972145
578031847
578127655
578160552
578180875
578231743
578540683
578553220
578569146
578573530
578665333
578697775
578704017
578715413
578727608
578784203
578833945
578838666
578845361
578971212
579051416
579268113
579609741
579616368
579665538
579823713
579869211
579899052
580029280
580093350
580195072
580309050
580317699
580350587
580362312
580450364
580490525
580564742
580585439
580613660
581051034
581199640
581363621
581477411
581478234
581508341
581526251
581557296
581572675
581655259
581797214
582101671
582252039
582353599
582395490
582486894
582541560
582659384
582831472
582939231
582946151
583050135
583085672
583086939
583327242
583351010
583402572
583435050
583610721
583615526
584014556
584070093
584162526
584170109
584304496
584342857
584493868
584530154
584557367
584726639
584766617
584797941
584934232
584949458
584959281
585036683
585052737
585091910
585233441
585371565
585485186
585502463
585579607
585732672
585766385
585879099
585904602
585928468
585949503
585994614
586030232
586031341
586236104
586266703
586292514
586300590
586359636
586402443
586439467
586881048
586934626
586969775
586977397
587047856
587103175
587112100
587131912
587200604
587231706
587488740
587526313
587620383
587636666
587951131
588154494
588182024
588258584
588296655
588498966
588532578
588584079
588726881
588825443
588898441
588963901
589382190
589472058
589636352
589744189
589878862
590009564
590081633
590144492
590208254
590211513
590268906
590327471
590451375
590588237
590652644
590702379
590711434
590781883
590791485
590895894
590979452
591033888
591089856
591474741
591560169
591618367
591849678
592295561
592357786
592649474
592651796
592836263
592863377
592922248
592953694
593015764
593017136
593142840
593149672
593245531
593436467
593452642
593634213
593868310
593879400
593924747
593975417
594017853
594030707
594039897
594072114
594340136
594576688
594630918
594727438
594769560
594850978
594865446
595155182
595215937
595240360
595277236
595407632
595451475
595469968
595808139
595811323
595960074
596062600
596126096
596237416
596442712
596481383
596695408
596754860
596777371
596801785
596966820
597017222
597087316
597114040
597289800
597366282
597528498
597602062
597796099
598087306
598191537
598331513
598371709
598395106
598436574
598515220
598628706
598739061
598839378
598850630
598890816
599164437
599270861
599613479
599625157
599725401
599785782
599892555
599939518
599981246
600070921
600101603
600245927
600255727
600335669
600385966
600869654
600940950
600953318
601128638
601290352
601307403
601308238
601325623
601382449
601398419
601565079
601731987
601833425
601834174
601866446
601877709
601900760
601919164
602003820
602032449
602034102
602159506
602207806
602424249
602497904
602503362
602572643
602702733
602800494
602911588
602958551
602967330
602975746
603036159
603089369
603244282
603289698
603334122
603682806
603686662
603714244
603810715
603832773
604055566
604170334
604190629
604263889
604390952
604638098
604713270
604760056
604820959
604863286
604919520
604969892
605037043
605056701
605136188
605614904
605691157
606006789
606167301
606200379
606278322
606351429
606358316
606359485
606420519
606473163
606519020
606619869
606653342
606790142
607102883
607161529
607184679
607413993
607560846
607618757
607697640
607841818
607866692
608028236
608048536
608060395
608211170
608225518
608263447
608333446
608353950
608372149
608594444
608659373
608755763
608797022
608925853
609146446
609392854
609439624
609441219
609566348
609619906
609628411
609666853
609763470
609791070
610036978
610121787
610183690
610192757
610204079
610212520
610232228
610333827
610346131
610580861
610924955
611231289
611261790
611287665
611472749
611538709
611567659
611745219
611926284
612004488
612078419
612189443
612340362
612476852
612493903
612525087
612770536
612897957
612995776
613068187
613122838
613299357
613321871
613384975
613510536
613519662
613534314
613538615
613823714
614025481
614059568
614166635
614181665
614291191
614371632
614435485
614447204
614649027
614779449
614902775
615081317
615154187
615183823
615204853
615421793
615473020
615628291
615659131
615674211
615710475
615719331
616001470
616035718
616074965
616088781
616102937
616109962
616263766
616358681
616737854
616766657
616779104
616891898
617115070
617207252
617208695
617287865
617331338
617360824
617473076
617588223
617624494
617625161
617831766
617847724
617931168
617942165
617958731
617959471
618000782
618349915
618411933
618503680
618517756
618541920
618671040
618697254
618869762
618893540
618917104
619058478
619106413
619323087
619346497
619531582
619571312
619598952
619861271
619931673
619941067
619955418
620129480
620442246
620586395
620627076
620681270
620787559
620856956
620870540
620916232
620963858
621016874
621123531
621233969
621267320
621307621
621318710
621365513
621421321
621495393
621570110
621660729
621724489
621828333
621834998
621835176
621847710
621936924
622012826
622072935
622118745
622145432
622450526
622513049
622553525
622569381
622603916
622624920
622660916
622686587
622730010
622834574
622860539
622905761
622917258
622929202
622942125
622979794
623035552
623123383
623201755
623322779
623368059
623451426
623543847
623764399
623857357
623872914
624099411
624114542
624167402
624245728
624406942
624636171
624749828
624791780
624838410
624862608
624944032
625009991
625047052
625220657
625280799
625289823
625388543
625410720
625678567
625700082
625731461
625756487
625797286
625900806
625923082
625938199
625946448
625989421
626017703
626071166
626080296
626129065
626160717
626225666
626283324
626284907
626336437
626520769
626649443
626721322
626744720
626840206
626873105
627073514
627094663
627184778
627214136
627243719
627308076
627422483
627453617
627471972
627493979
627773325
628006418
628092417
628266677
628368993
628495301
628510471
628529003
628621179
628655728
628696123
628826332
628839956
628877758
629068766
629077373
629115084
629161507
629421352
629637800
629686704
629711868
629730796
629781360
629959440
629963339
630007158
630053052
630199885
630470560
630488757
630554531
630580979
630730901
630743218
631060553
631328446
631374708
631399911
631404960
631405710
631424615
631474045
631567886
631586207
631591487
631665611
631727028
631740765
631860630
631872457
631941969
631972029
632022869
632027537
632367563
632410261
632643739
632662307
632723077
632728139
632812845
633031847
633055788
633106540
633119780
633239608
633291054
633348934
633487848
633527280
633537461
633580544
633624247
633758575
633809316
633856600
633993652
634123709
634183112
634365574
634487908
634511703
634698047
634834433
635001222
635022402
635092049
635163314
635320241
635602842
635648580
635675201
635768146
635784914
635867351
635985118
636090796
636189650
636276836
636296022
636298338
636303855
636359593
636522387
636575945
636682394
636707225
636743326
637019097
637085004
637137962
637303816
637566189
637647569
637675577
637897617
638122335
638124376
638273517
638366176
638425666
638533485
638731554
639183782
639273956
639314672
639360415
639392386
639533245
639627058
639677194
639707048
639750836
639753749
639826329
639841932
639895249
639906121
639931431
640034278
640275406
640301302
640443090
640458777
640760275
640774856
640892146
641050090
641109230
641262709
641269482
641342560
641366813
641401237
641544171
641663410
641699787
641772739
641798999
641803249
641804595
641811566
641889057
642086945
642247972
642306965
642541921
642551679
642562736
642706874
642734543
642900347
642920999
643147577
643207983
643250696
643293992
643361404
643387679
643412926
643570971
643700827
643894274
643990449
644018423
644108688
644147378
644289210
644316696
644350737
644654349
644674592
644688997
644777562
644858339
644889360
644954585
645029962
645056527
645541977
645559196
645746013
645792732
645851442
645862706
646028795
646117295
646202815
646302122
646313227
646352586
646456811
646615748
646698255
646834727
646894172
646948437
646964566
647138060
647141387
647224410
647239170
647261671
647303943
647350927
647492712
647616221
647642464
647712464
647897185
647920331
648056557
648180405
648236543
648416766
648514538
648585402
648603933
648706320
648717489
648984827
649035932
649132982
649299649
649360466
649580608
649698035
649767129
649813792
649959187
650004399
650054186
650126640
650321526
650391736
650446397
650491510
650503153
650716808
650735145
650762904
650930885
651059347
651131962
651202589
651598500
651679058
651701835
651723478
651736373
651772631
651805124
651996366
652063950
652263360
652290277
652290836
652315021
652594635
652616699
652744593
652890911
653129041
653341062
653542118
653660822
653801201
654107987
654139699
654277960
654335761
654591781
654756444
654768644
654835258
654875979
654884778
654907533
655015721
655300483
655312036
655359951
655369271
655405368
655414176
655637396
655644364
655749032
655864162
655885257
655900757
655939734
656085063
656137355
656262607
656491121
656512401
656546955
656862757
656963679
657181373
657386653
657414842
657478680
657541088
657544971
657565008
657637335
657814887
657895681
658115661
658290277
658338334
658357140
658400363
658472918
658555941
658984395
659114197
659123529
659205962
659521014
659648023
659713244
659823807
659927707
660090234
660091076
660096583
660292353
660379207
660384287
660459856
660583702
660735187
660815435
660825108
660978829
661419172
661442618
661454597
661464282
661507583
661695930
661791049
661804223
661912422
661962986
662006831
662115012
662471623
662499998
662712083
662744057
662882516
663039649
663113197
663151180
663181899
663242996
663288677
663355402
663449508
663488619
663512063
663718797
663735013
663743489
663884002
663963665
663980256
663995510
664173215
664273383
664524821
664631170
664674992
664679021
664704394
664879996
664916145
664922468
664962602
664985087
664988153
665001282
665085361
665150583
665156078
665167693
665214262
665279988
665392721
665837887
665848447
665873384
665891863
665968807
665973838
666075197
666099417
666124864
666176063
666429623
666552502
666591031
666591950
666990294
667234178
667423990
667462489
667556533
667650537
667740071
667794913
667825289
667826047
667874638
668092907
668141855
668336515
668583876
668822188
668844167
668901181
669034408
669376427
669444871
669517208
669558394
669596254
669640676
669669553
669734501
669776177
669844217
670320439
670321515
670435570
670443543
670828906
670906052
670975309
671100776
671131052
671171014
671288063
671564182
671719621
671807130
671857188
671929182
672052718
672086379
672249208
672274745
672359995
672365238
672450101
672597927
672654985
672669778
672719717
672799074
672918646
672946382
673022765
673132017
673160834
673654126
673815600
673899165
673907290
674035045
674104053
674145844
674157007
674259219
674262410
674297360
674325872
674448317
674559831
674626372
674663277
674965575
675084763
675093752
675156433
675205243
675343716
675347744
675378721
675456074
675609654
675757461
675764429
675768307
675907688
675938286
676240430
676271833
676480740
676634510
676681500
676692558
676732394
676734357
676756772
676806766
676867117
676932286
677054219
677069311
677165556
677487234
677596674
677600181
678106962
678124523
678208770
678405390
678525653
678713359
678773095
679055665
679083838
679259264
679661200
679773095
679853470
680018238
680096587
680147606
680185575
680220686
680404311
680528085
680636807
680710715
680731710
680751746
680877088
680910720
680929235
681032139
681195389
681208808
681256901
681331534
681630272
681677418
681916570
682002188
682125835
682193671
682518532
682523439
682548243
682563951
682588574
682621118
682624272
682648651
682691187
683213321
683228338
683287365
683371362
683388101
683407160
683676562
683697358
683758872
683760722
683811946
683827771
683969356
684055106
684111641
684256732
684405692
684544987
684561524
684669318
684719400
684803356
684942658
684953176
685152993
685174768
685190324
685240162
685309963
685359702
685507570
685610035
685719110
685939205
685976313
686079810
686232847
686307824
686369952
686404167
686408437
686519583
686592350
686662399
686717297
686766913
686786583
686862219
686914710
687005218
687035113
687108147
687120693
687307190
687401907
687533109
687723905
687978219
688069151
688090055
688131165
688144016
688215190
688338448
688338721
688580315
688622120
688740521
688837017
688863324
688932034
688982343
689055154
689091794
689256198
689676954
689957738
690344594
690402344
690445120
690487262
690528151
690538189
690589455
690614085
690683938
690897483
691212574
691247638
691282282
691307057
691396180
691597201
691632238
691713163
691865313
692014319
692078596
692081820
692104436
692197113
692266369
692429662
692483717
692595875
692635093
692824643
693064884
693254774
693277121
693333933
693365234
693551676
693740439
694003676
694035325
694084655
694136950
694247554
694278594
694311591
694367139
694421818
694527146
694588185
694679039
694683900
694775495
694811590
694907585
694925531
694936580
695061960
695136894
695195456
695204479
695268243
695520597
695636398
695833516
695841682
695888483
696175945
696333995
696350530
696373438
696389442
696419543
696464821
696479849
696495307
696623376
696633802
696810871
696859568
696985651
697009787
697023685
697036107
697052190
697073989
697116677
697301279
697332674
697443574
697448929
697605984
697684985
697714833
697777772
697941033
697957571
698018623
698042041
698114105
698137620
698228277
698234506
698397513
698398988
698411774
698505559
698557701
698685819
698772118
698785959
698833819
698866268
699007791
699054496
699148983
699176900
699189238
699226045
699333418
699606438
699811114
699813956
700166703
700306260
700360364
700528681
700632751
700849312
700864211
700985845
700986455
700998942
701007829
701033974
701145095
701186991
701260448
701286300
701353111
701470603
701562630
701593728
701594171
701681631
701817375
701830254
701864104
701909337
701998157
702048880
702058858
702138439
702204435
702209209
702338749
702617635
702645140
702743509
702805223
703101371
703115691
703371679
703414531
703499870
703773333
703875674
704010840
704037499
704076469
704125159
704144333
704158847
704219625
704290284
704428894
704518787
704651885
704702387
704760831
704994523
705047905
705070238
705072912
705659755
705766690
705793262
705956614
705977754
706031108
706071189
706071501
706094789
706145611
706327099
706380500
706522548
706674232
706759044
706874109
706905918
706975024
706995378
707106908
707138015
707162482
707255459
707327105
707579446
707629586
707712626
707983345
708016825
708138862
708248878
708374374
708504881
708639183
708759276
708784120
708808590
708831041
708864278
708893872
709019453
709059320
709170705
709251204
709302386
709345595
709376250
709505383
709580874
709605321
709632510
709694227
709995458
710217051
710349694
710413337
710506064
710681139
710760723
710805659
710832500
710940148
710945016
710951950
710982905
711060485
711145161
711193060
711288233
711346692
711361687
711436976
711518688
711587238
711660799
711679859
711704413
711711585
711903283
711929585
712061689
712110902
712145511
712258126
712456822
712457903
712561652
712636859
712639560
712700548
712703648
713059165
713068211
713178746
713182726
713225424
713254105
713270620
713275814
713284520
713363578
713373489
713407932
713505925
713700261
713709672
713725196
713939686
714043759
714049164
714132177
714162144
714244254
714306612
714335017
714361071
714623336
714649287
714752455
714996309
715289492
715351373
715394635
715423075
715454835
715554962
715632630
715637068
715718915
715980438
716135096
716176318
716194126
716379232
716539635
716640794
716727699
716882097
716912567
716953370
717044145
717105191
717213748
717373654
717424570
717501610
717792742
718059281
718067804
718068336
718205249
718266468
718268539
718306957
718568129
718606657
718696462
718736528
718763392
718901339
718991191
719008780
719017274
719104654
719160008
719173553
719234953
719278760
719544431
719640335
719980373
720057309
720059414
720153524
720206686
720263699
720264097
720330614
720374384
720383480
720398068
720419614
720441595
720453087
720547509
720681730
720960471
721016703
721080036
721393159
721440719
721499222
721640178
721700859
721893792
721963676
722000378
722065536
722131227
722160388
722243189
722252391
722444303
722454310
722471830
722524301
722530243
722652835
722673160
722766821
722813057
722884529
722925378
723134796
723205534
723358372
723394899
723535321
723562724
723569318
723712104
724044066
724070359
724115734
724238673
724280544
724483867
724492445
724534174
724571947
724646072
724691538
724692776
724767296
724777501
724781367
724794711
724924085
725115868
725118623
725123062
725124815
725331059
725338702
725590673
725716070
725854965
725860858
726114096
726259782
726387378
726662377
726716666
726782112
727142182
727692556
727817468
727830594
727848555
727878728
728181840
728227281
728430137
728523597
728574076
728582487
728612994
728770658
729006430
729121653
729547710
729550789
729672303
729837617
729931337
729944739
730062243
730123351
730316983
730325338
730356342
730620734
730627566
730633262
730698771
730796040
730855095
730915295
730923505
730985093
731083721
731130052
731263314
731393927
731408404
731491086
731502263
731553647
731671716
731707437
731892409
732007089
732112207
732179968
732210051
732298863
732470105
732647198
732652283
732678751
732715472
732833878
732936275
732946929
733034575
733086292
733171735
733191969
733252912
733323892
733411461
733417153
733777551
733807869
733815342
733931275
733978324
734073341
734075332
734516766
734568967
734599725
734613685
734638886
734656661
734661780
734724585
734842538
734916990
735022152
735136245
735297508
735527331
735562622
735571228
735674107
735750186
735760050
735775100
735853371
736042729
736142059
736319752
736325018
736406150
736592156
736603879
736680946
736764282
736825350
736937330
737146407
737164845
737429028
737446790
737475050
737525067
737667915
737672299
737726872
737735483
737799710
737901786
737951136
738013404
738139820
738141669
738214925
738220056
738304775
738335357
738406370
738455175
738496751
738692570
738758182
738904282
738961205
739170701
739322809
739324204
739329679
739342173
739411894
739422775
739439199
739442717
739455378
739521580
739613814
739666321
739720344
739757878
739764500
739820851
740064551
740065619
740065937
740166344
740182246
740289566
740293579
740403051
740633211
740824411
741266512
741268618
741295047
741314011
741320347
741408794
741503603
741529900
741579291
741584529
741586518
741690443
741756823
741885437
741903710
741906935
741966362
742021381
742069609
742162471
742174395
742211958
742379463
742452703
742517810
742980681
742982049
743067803
743085244
743150289
743157090
743256543
743259030
743328029
743353738
743390502
743530567
743557937
743604313
743680156
743685223
743711835
743906166
743954975
744043362
744050089
744087055
744105542
744165296
744659801
744801748
744998402
745103931
745131888
745250553
745296155
745359499
745365316
745859107
746159097
746385599
746678716
746745729
746826562
746977931
747221395
747342172
747512836
747646264
747660619
747727833
747871894
747907595
748123328
748188157
748214945
748401839
748515339
748571807
748696069
748767018
748769259
748780399
748821348
748838767
748872375
748877570
748900269
748945160
749090983
749149779
749164773
749199124
749264568
749298675
749339671
749748354
750099165
750135910
750194406
750408503
750432306
750445487
750639749
750673307
750933079
751243783
751244954
751446484
751456146
751828282
751937014
752005218
752015617
752448115
752484999
752520086
752584080
752774367
752854903
752860577
752881399
753065227
753138222
753153373
753228461
753273918
753314313
753466863
753475358
753494806
753515615
753570521
753575766
753672729
753706741
753722780
753761285
753845421
753996110
754142890
754163575
754282575
754402495
754480106
754578594
754588841
754592694
754618235
754730406
754793988
755008595
755014880
755090727
755349527
755351861
755410174
755442423
755471013
755560420
755663049
755758477
755858046
755872982
756000074
756063955
756076146
756118960
756127697
756134702
756328620
756457705
756858018
756936634
756987674
757061205
757367119
757391173
757445205
757517648
757571865
757642961
757670086
757711622
757922969
757968766
757990540
758007761
758081456
758203098
758277502
758331637
758550986
758565024
758601803
758639872
758678386
758769667
758880772
758939213
759011407
759204857
759281726
759297791
759315214
759402641
759480402
759526363
759546327
759550818
759611628
759704734
759781111
759831134
759976612
760016269
760333449
760417744
760745446
760852997
760906070
760928789
760938160
760982881
761011793
761025889
761102551
761127674
761149836
761270194
761340928
761343105
761349623
761458478
761465584
761644175
761696108
761750840
761764885
761846522
761926270
761991574
761999150
762123241
762325695
762351701
762648242
762650926
762807492
762851196
762914144
763035865
763066280
763203297
763223405
763469428
763484786
763584417
763598659
763603819
763690166
763914018
764095958
764104533
764195089
764231180
764258324
764319382
764468538
764506411
764522733
764781304
764960124
765055281
765232689
765285884
765384841
765617476
765695029
765836867
765840317
765844081
765911385
765993939
766035443
766103742
766220725
766220920
766221717
766296108
766349032
766537070
766556506
766633174
766717392
766771487
766835039
766984664
767035992
767258758
767374563
767408981
767631840
767691714
767735792
767828359
767839372
767923383
768002537
768041975
768179491
768197688
768272091
768285229
768626105
768650489
768737456
768776458
768944684
768997879
769170876
769340078
769356088
769361325
769407789
769411832
769440546
769458268
769497191
769592126
769618384
769683183
769888704
769969167
770156882
770203803
770238824
770248698
770409024
770438770
770560040
770646142
770698855
770700185
770833311
770855017
771157754
771212215
771215447
771266335
771338946
771358548
771406100
771526781
771586170
771598404
771637190
771780101
771851469
771893097
772069865
772119461
772221196
772308669
772322785
772384844
772389847
772438760
772558182
772608491
772926610
772960208
773032323
773230549
773241718
773299538
773331716
773401670
773423930
773438435
773492491
773498312
773555602
773719704
773774912
774172017
774262652
774282557
774369709
774574682
774610317
774629790
774716340
774792374
774901614
775031305
775174035
775189767
775220958
775329802
775420432
775469208
775499547
775587754
775645455
775806959
775829069
776047855
776067868
776115293
776193950
776228722
776382591
776545560
776679928
776767443
777083797
777130964
777135614
777203708
777265119
777403205
777453215
777501899
777555616
777626033
777636530
777733345
777748538
777874358
777909448
777921159
778110945
778126501
778134229
778228076
778279499
778309275
778309980
778390427
778426763
778432696
778489375
778513581
778533305
778577494
778583922
778944846
778962004
779057101
779217992
779239147
779255348
779281830
779317792
779356289
779381283
779471032
779524861
779694926
779765500
779814457
779882263
780223032
780549789
780604811
780672678
780677649
780777553
780919852
781133465
781161974
781270522
781287153
781291975
781402631
781540952
781564041
781696541
781713140
781766775
781777851
781819088
781821435
781839999
781962790
781965796
782160621
782248181
782394611
782468899
782796542
782886531
782972600
783017328
783049685
783340109
783387208
783416914
783457939
783556538
783559854
783693016
784091956
784097976
784207542
784311224
784441575
784725556
784768700
784786967
784804092
784856447
784877254
785098054
785137171
785174199
785219021
785226027
785318457
785602786
785784362
785859062
785910061
786050602
786100458
786168359
786179887
786198952
786270472
786278469
786319733
786420748
786580378
787074900
787301123
787432421
787451249
787472564
787498657
787600947
787676499
787934117
788005941
788049205
788126150
788179837
788284425
788293562
788312154
788337626
788338660
788623985
788664101
788687525
788716645
788866784
788921007
788925291
788946378
788983887
789063210
789122153
789186051
789268428
789354669
789430635
789555430
789726981
789803384
789994288
790098664
790123291
790137486
790365814
790366255
790401567
790508600
790667454
790722928
790737904
790810596
790848183
790894336
790960535
791033765
791142575
791176777
791311551
791473992
791475515
791493366
791626422
791725290
791730161
791771745
791828101
792199167
792264969
792307132
792311884
792494918
792500417
792568138
792607778
792613938
792921543
793014896
793088006
793088487
793095504
793115678
793179186
793263206
793519871
793626157
793633607
793698274
793792235
793942572
793973716
794311220
794356501
794462184
794752077
794754037
795102596
795121213
795128122
795133322
795248591
795350307
795363727
795406784
795434461
795567520
795604801
795686026
795706524
795763288
795863732
795920367
795929793
795962381
795997656
796102245
796194779
796225494
796454800
796503389
796564131
796634090
796686896
796746114
796819323
796824389
796871948
796913727
796917212
797091890
797289706
797300292
797357194
797606477
797724429
797929908
798120197
798130054
798192352
798226652
798414258
798459557
798535742
798638185
798706200
798889869
799124553
799282077
799495478
799578963
799723672
799746867
799766610
799914303
800017209
800079617
800237132
800566535
800569670
800606613
800656925
800918624
800972742
801029026
801099378
801278749
801294204
801310542
801435610
801573708
801675310
801804456
801853598
801926327
801975928
802042475
802118794
802387830
802474616
802718508
802748022
802826449
802835331
802921214
802975506
803009607
803192886
803409103
803428110
803497088
803567241
803611517
803690095
803877838
803933523
803940526
804102137
804440723
804716067
804755077
804822776
805050957
805096015
805112698
805179729
805315940
805329956
805459392
805546155
805595007
805752620
805909558
805941629
806074158
806082955
806139845
806366631
806383429
806385898
806463606
806496289
806496932
806583745
806586243
806591758
806611072
806611799
806631670
806705899
806767212
806933193
807022449
807029505
807039308
807085014
807475959
807841885
807876266
807891413
808041453
808140467
808260031
808349733
808392141
808446209
808564780
808608819
808620038
808645064
808712592
808990313
809004590
809010452
809022194
809066932
809084004
809223052
809423293
809450997
809530621
809566608
809683991
809735858
809746678
809963252
810011661
810056570
810137698
810175889
810386499
810572166
810772968
810808710
810892193
811003058
811040840
811106128
811134952
811248394
811272404
811303623
811438769
811447487
811452355
811622153
811729468
811871794
811902613
811960881
812071452
812277240
812297018
812345440
812363208
812576020
812704033
812785725
812821625
812861306
812899988
813138652
813181346
813338265
813357186
813403798
813453322
813461491
813512045
813562142
813741108
813786160
813918110
813975144
814011607
814112697
814209575
814251790
814253826
814288781
814417269
814591992
814676627
814900875
814972893
815008460
815287264
815409257
815442594
815495690
815522516
815575380
815577699
815594107
815700650
815723204
815766877
815790015
815868717
815918802
815938982
816078899
816318831
816427854
816515346
816526049
816774455
816829699
817066986
817083257
817108731
817110975
817185203
817197394
817308486
817579804
817591429
817729922
817853405
817897033
817918466
818129875
818184892
818270187
818285605
818442793
818799623
818831997
819014524
819046879
819058220
819061070
819102800
819151143
819380841
819428466
819454265
819493442
819537127
819583854
819635951
819674091
819838650
820042622
820066140
820066253
820136173
820302219
820347561
820377243
820540041
820622297
820755054
820878091
821126210
821169014
821209543
821456028
821506291
821624690
821649308
821653637
821719477
821805830
821812294
822131877
822348511
822355709
822390970
822429367
822551241
822707031
822737580
822797866
823232751
823263509
823394524
823399715
823572834
823603559
823617108
823845348
823898409
823946235
824184397
824510378
824587950
824754709
824866348
824871588
825038319
825056599
825195240
825439099
825454813
825498845
825574961
825664827
825743496
825778382
825927533
826022366
826147097
826274906
826344211
826447466
826481889
826570412
826684795
826685920
826738797
826850333
826865914
826925805
826951036
827375897
827469269
827482127
827540623
827552822
827571842
827704979
827736388
828029504
828111156
828122479
828154969
828311616
828417205
828486532
828768196
828865213
829255674
829303028
829393249
829510976
829532907
829791565
830125446
830147869
830172299
830223422
830232149
830278903
830285923
830546326
830632600
830712434
830730441
830785229
831144799
831163946
831283251
831287201
831543380
831610783
831634854
831670340
831959615
832046623
832101048
832187804
832518489
832947910
832980678
833073081
833104373
833146213
833330728
833422394
833437142
833519490
833560489
833608417
833666574
833703066
833703714
833833536
833890381
833913100
834027515
834108711
834378622
834436236
834436590
834492867
834562105
834629010
834665178
834665265
834692688
834696372
834760442
834782630
834901044
834969610
835205476
835418853
835433180
835446167
835480765
835612855
835753940
835987215
836015962
836212859
836260680
836267146
836311096
836365679
836487635
836540602
836675565
836682993
836792376
836845673
836872183
836931449
836974991
837125648
837129652
837155173
837265069
837308802
837323007
837363487
837410008
837528423
837545989
837558471
837638836
837651211
837686251
837714133
837856617
837895127
837907066
837988446
838009000
838195582
838226895
838258024
838302092
838352792
838359760
838398351
838402737
838437026
838561984
838594386
838708877
838741582
838916457
839285487
839361662
839430643
839484539
839527384
839546057
839711554
839737456
839807354
839901878
839988581
840057871
840266398
840420094
840510713
840559661
840857168
840897246
840929085
841046603
841077970
841099631
841203238
841364494
841394311
841570180
841578912
841583015
841691209
841718223
841827348
841833628
842136172
842203220
842312237
842341619
842445269
842527540
842621113
842658521
842682042
842732422
842746704
842851493
842879163
842889422
842923493
842960349
843050388
843541437
843563558
843574172
843620763
843727054
843775866
843840897
843949572
844004970
844033846
844064527
844255021
844263683
844332404
844560072
844628228
844637525
844865744
844936804
844954844
844990257
845031111
845042512
845154987
845510094
845530632
845580731
845669136
845959802
845991002
846007667
846129204
846171961
846266446
846270374
846351230
846388057
846460948
846485198
846550489
846551316
846827273
846842864
846846064
846893379
846996077
847149959
847264253
847356601
847397061
847399072
847418916
847970965
848231200
848309901
848315470
848318739
848398823
848403226
848527043
848604752
848753391
848807968
848825808
848886392
848965069
848974449
849360147
849507386
849555841
849693875
849752619
849844083
849937900
849946393
850023388
850157542
850209543
850316543
850408878
850534157
850559762
850560440
850565843
850818279
850915837
851006236
851086742
851107160
851123178
851216056
851283298
851287997
851722873
851814386
851944946
852053918
852089416
852156499
852396742
852699264
852818254
852930153
852936881
853158079
853243866
853497919
853717132
853723266
853809540
853835354
853842800
853877241
853932960
853992440
854022830
854082341
854142009
854529499
854556570
854563750
854776072
854815990
854878444
855024907
855043411
855073943
855131840
855204510
855267072
855274205
855306762
855344209
855363877
855649674
855838056
855939676
856037506
856070546
856080692
856112037
856197553
856436330
856521873
856627441
856840337
856849268
856907257
856985061
857113396
857144904
857226508
857299389
857337013
857536190
857550922
857666459
857754143
857757246
857824480
857833528
857903061
858027813
858067887
858091322
858114916
858305811
858363413
858465633
858637122
858733130
858780287
858843958
858954917
859011022
859125559
859133969
859217045
859250283
859261224
859348586
859437579
859662820
859716370
859729867
859741109
859849517
860003297
860007890
860032345
860296252
860345222
860372490
860693468
860785082
860869132
860947389
860948990
860962352
860983188
861135871
861271455
861314473
861424844
861518295
861715713
861796987
861832275
861876680
862015246
862021818
862195559
862235537
862298285
862358505
862380550
862423597
862584348
862666730
862842677
862860631
862892450
862926510
863007506
863054280
863158798
863189902
863198319
863333497
863375571
863444109
863489457
863548279
863569031
863583006
863723165
863724493
863759180
863775581
863778545
863802493
863826686
863902625
863920809
863952397
863991639
864008673
864029397
864225214
864590297
864602966
864790694
864888605
864900635
864940995
864965658
865163043
865240403
865423313
865770275
865843477
865904547
865931965
866086594
866104877
866151322
866167654
866225672
866289758
866351635
866518433
866526894
866610393
866811928
867024154
867050577
867075951
867462167
867508115
867518656
867562341
867831558
867896598
868011865
868086641
868172395
868216779
868238624
868320132
868439283
868501000
868515040
868557446
868684186
868767575
868774080
868815682
868837056
868939039
868960301
869270300
869288886
869342548
869552850
869865409
869877195
869922247
869983314
869995301
870064350
870424834
870575990
870646461
870706019
870733699
870783941
870810702
870878626
870966744
871095417
871096570
871330987
871348896
871512639
871552951
871597974
871618224
871759243
871768656
871770215
871844614
872024751
872566142
872770704
872857629
872959042
873003768
873268161
873391830
873438502
873661363
873791626
873799057
873824934
873936116
873953997
874075300
874084351
874109571
874114067
874124303
874227368
874397071
874423583
874425001
874610153
874681677
874944002
875120505
875207966
875313311
875369539
875391087
875494650
875520169
875686485
875864734
875881036
875991505
876096311
876257361
876391547
876598717
876697279
876816492
876828402
876832229
876955389
876987505
877046167
877121274
877360352
877425289
877671180
877702630
877748701
878064510
878071022
878136802
878280663
878334489
878408349
878458885
878665489
878726050
878743279
878880734
878931305
879091959
879145017
879213624
879238409
879298397
879308936
879424478
879446303
879784125
879865618
880142412
880161835
880320534
880342104
880510171
880679308
880760268
881059314
881075460
881089092
881110732
881149379
881245814
881259528
881264818
881307538
881644871
881695030
881807705
881895867
882068044
882180512
882201170
882262872
882407855
882481022
882723003
882768598
882815717
882984480
882987398
883029893
883030996
883165349
883193768
883202491
883430089
883448603
883498133
883560864
883580379
883614815
883674197
883700050
883786365
883824241
884016802
884071799
884122287
884311076
884322616
884347684
884399680
884485930
884542207
884580965
884620560
884726714
884926953
884952501
885004853
885071715
885164451
885177695
885237464
885375745
885397767
885558537
885585060
885662754
885670983
885862888
885953346
885956835
885978363
886102231
886158748
886183826
886306926
886369790
886613708
886723004
886734503
886753319
886893514
887042019
887102171
887139974
887159537
887304846
887310961
887326108
887444585
887568810
887586923
887690400
887747709
887778066
887789790
887834575
887917749
888005296
888079024
888122667
888178930
888183408
888223174
888263671
888284810
888303826
888325975
888445212
888534117
888554008
888583711
888625625
888692815
888884123
888995182
889275352
889320441
889425372
889568571
889599093
889620819
889739949
889780835
889886223
889903476
889908688
890002499
890396469
890480748
890568250
890690589
890738256
890752269
890866332
890964098
891300804
891389213
891728102
891842911
891922864
891942443
891963466
892046822
892196999
892405923
892506030
892576344
892586018
892595073
892721571
892732703
892733036
892794652
892808962
893016726
893017505
893033592
893058080
893147476
893368574
893371286
893462480
893510734
893511873
893809504
893814947
893885767
893970183
893975751
893992746
893998356
894034556
894064284
894166729
894275916
894321498
894496479
894666357
894702119
894898964
895124433
895135087
895223966
895248202
895329953
895331464
895355188
895381993
895402878
895572513
895700286
895734162
895946904
895977196
895978448
896096386
896137181
896265571
896452035
896482324
896549288
896566877
896620036
896677883
896762908
896766166
896876571
896980362
897099551
897144475
897153558
897293059
897417261
897441781
897479751
897607344
897795799
897836594
897911295
897940313
898258391
898336846
898340468
898347676
898444263
898591586
898638508
898648832
898839721
898909079
898935406
898988514
899211336
899247422
899328390
899371983
899688645
899752851
899816913
899867633
899957045
899958961
899989907
900023285
900049756
900096954
900115334
900126809
900173005
900233903
900404762
900524605
900565601
900683386
901170738
901510072
901581906
901648123
901718323
901860011
901982054
902124909
902172757
902221066
902431736
902547008
902574116
902597209
902699851
902846977
902983517
903103984
903237466
903257778
903322234
903647641
903701186
903720180
904292650
904340814
904416997
904419189
904927345
905034874
905050072
905119608
905134423
905335221
905341544
905384995
905425624
905477919
905560012
905617492
905617543
905723351
905781187
905910737
905978709
906036099
906039980
906052894
906319092
906324088
906352417
906612399
906759395
906793184
906820507
906908527
907120364
907132720
907172251
907184816
907195721
907210850
907430303
907515864
907804035
907840052
907998026
908022985
908170509
908326509
908479750
908490430
908600496
908648136
908725501
908753781
908802045
908832374
908950397
908991908
909168408
909286101
909355198
909459666
909493965
909704401
909708743
909736203
909760056
909794028
909950933
910336141
910354656
910584004
910687868
911276880
911438047
911597756
911807687
911835404
911963496
912228857
912281782
912380723
912676863
912705976
912714371
912737210
912771591
912838860
912842264
912954306
913141002
913246740
913433522
913551922
913639066
913827235
913841156
913841236
913866573
914165147
914169969
914635757
914979554
915166679
915170821
915315058
915354667
915407677
915563811
915669283
915732824
915748097
915868725
916016389
916244810
916290829
916302733
916369113
916403936
916439714
916467216
916719027
916837178
916953690
917140993
917275812
917278425
917317374
917340602
917358437
917384701
917525334
917599198
917653271
917911842
917962974
917972668
918105590
918215556
918260055
918588443
918800117
918818133
918902510
918921644
918980651
919007627
919053398
919172479
919382324
919407092
919454418
919564554
919622821
919779935
920115795
920126252
920596361
920659177
920729134
920815666
920960354
920974928
920997584
921013271
921096918
921328382
921728406
921762910
921765084
921855173
921926322
921980309
921998639
922280369
922409790
922476359
922481307
922561368
922599868
922631535
922670104
922779551
922942898
923026112
923108587
923189947
923191752
923196007
923367724
923590171
923604199
923740207
923764106
923855063
923974626
924048972
924121746
924329395
924354894
924408620
924606009
924628982
925104591
925238011
925316670
925370953
925436284
925648111
925739430
925798858
925847044
925914432
925955477
925958900
925972762
925990415
925996646
926100812
926182734
926236336
926278256
926302032
926386183
926471395
926509938
926668415
926773081
927174393
927212743
927522115
927555469
927930264
927959879
928001612
928010576
928064533
928098698
928106790
928235355
928324929
928337156
928404652
928405955
928492281
928705657
928758775
928783022
928840188
928874869
928982966
929006658
929212634
929213051
929257661
929268456
929307518
929365464
929499267
929589373
929598833
929601973
929774169
929791478
929800119
929855978
929898778
930085603
930101705
930139986
930159189
930341044
930403177
930993475
931044066
931092667
931188885
931341549
931432856
931442346
931518220
931596522
931661563
931734314
932089562
932171322
932288253
932421778
932586813
932666694
932777410
932835637
932887626
933045870
933134854
933386774
933433625
933561372
933587627
933638222
933774074
933877270
934012672
934094943
934132704
934143102
934243125
934257426
934405108
934445697
934485136
934499791
934697273
934800529
935402960
935460009
935460878
935488646
935497164
935617611
935713743
935940014
936041602
936170217
936182974
936288292
936396938
936599579
936690594
936868220
936889513
937057161
937112269
937239647
937259281
937315399
937355229
937457240
937468513
937741240
938237589
938261819
938274261
938321196
938457799
938595277
938621377
938691181
938725150
938730737
938742141
938765326
938858379
938977357
939021684
939134300
939254918
939283043
939293872
939439315
939543683
939604076
939629315
939651771
939781737
939820267
939942212
939974649
940028632
940068008
940453915
940550569
940562177
940641290
940922144
940933314
941041070
941180590
941285964
941288681
941572117
941693665
941733554
941741680
941972552
942039929
942104484
942297621
942835385
943206062
943287116
943302327
943499501
943508272
943525833
943648404
943690790
943737132
943793146
943882510
943885429
943942009
944058652
944142379
944182714
944279241
944592417
944618864
944675917
944783202
944910812
944949727
945032700
945042090
945060825
945197402
945590839
945647686
945652951
945753360
945872704
945894051
945995094
946098595
946280894
946319259
946335594
946354527
946367312
946484750
946527264
946631544
946705401
946770766
946788423
946788524
946806155
946862761
946868137
947022526
947026472
947110318
947209603
947231542
947236481
947266752
947344972
947502232
947507853
947529034
947676897
947781176
947793314
947826733
947865343
947888567
947964245
948003435
948118356
948194132
948235392
948354772
948520095
948532298
948597614
948680635
948790248
948881277
948909402
948933049
949035196
949046358
949169086
949205284
949258177
949328153
949354384
949355883
949414704
949423202
949640971
949684760
949756142
950153286
950207611
950277232
950394963
950415060
950444005
950448728
950472636
950563826
950736768
950740144
951024946
951151819
951193714
951262076
951301010
951337686
951493811
951571883
951610143
951794368
951961160
951973816
952017817
952125608
952147616
952225925
952253802
952420323
952623574
952767151
953094947
953285956
953364051
953489633
953604322
953604500
953628508
953720169
953725185
953735105
953836713
953997757
954172571
954262256
954465393
954632517
954647867
954936526
955258065
955298327
955307685
955436882
955526234
955587226
955635915
955677596
955967675
956007570
956073761
956226743
956227954
956232842
956436034
956629061
956630286
956771291
956790498
956794446
956964680
957055758
957317316
957628228
957773622
957941785
958059976
958085892
958135549
958349169
958394023
958451261
958519802
958529195
958582686
958619724
958908650
959167185
959212705
959223348
959240609
959278582
959322725
959323637
959327788
959341284
959425157
959532136
959624754
959656907
959672882
959715311
959763437
959792295
959873863
960036042
960041894
960052852
960065162
960068695
960249206
960252689
960355832
960750126
960874404
960876025
960882297
960906278
960924391
960979677
961166682
961276560
961280788
961286718
961296357
961321795
961360779
961450333
961451549
961465126
961598361
961669746
961771655
961805967
961871728
961883193
962146784
962159319
962330672
962379371
962467313
962662221
962942817
963042396
963186279
963262155
963399849
963426598
963435718
963520520
963682968
963683873
963696855
963900784
963951093
963965734
964090507
964108221
964108299
964195536
964298543
964308951
964326174
964335979
964342250
964623903
964727920
964860520
965118879
965123225
965189047
965234809
965341990
965440191
965449599
965594911
965604749
965626249
965699630
965752696
965869280
965904376
965910946
966244211
966333314
966488002
966597488
966668107
966838689
966912403
967001614
967007334
967319670
967344124
967519754
967601582
967776996
967790758
967821123
968008468
968054085
968161080
968274270
968287511
968309965
968339516
968422764
968431365
968445625
968458738
968557727
968791686
968897789
969007003
969091671
969278681
969293781
969453398
969550301
969601263
969612714
969704071
969732522
969882172
970104905
970334213
970537482
970601562
970639985
970677716
970704492
970748862
970875084
970891449
970968558
971072736
971163184
971191914
971326076
971332172
971442185
971502835
971804682
971814234
971972216
972076489
972205677
972233174
972282991
972378319
972385854
972469759
972759862
972796074
972812767
972879464
972883198
972938640
973052621
973129186
973169032
973270105
973359901
973384219
973439805
973482316
973488359
973504218
973550828
973574390
973797090
973892035
973998029
974006851
974018035
974104592
974346248
974652204
974656015
974779587
974983714
975054371
975204715
975229891
975257354
975287989
975289379
975325799
975333345
975350457
975354838
975435905
975463538
975640618
975737562
975742858
975854249
975881616
975981385
975989018
975993237
976061566
976068744
976231447
976462411
976489824
976563435
976568471
976624912
976687980
976796365
976833596
976953300
977147978
977311024
977360617
977411882
977662351
977812235
977883156
978000543
978016693
978309267
978405022
978528458
978549698
978810318
978929594
978939977
979016447
979052940
979081217
979132428
979152473
979218145
979231850
979283529
979298069
979346153
979451080
979508081
979617627
980021659
980236365
980272272
980414952
980460941
980488776
980521674
980586331
980679626
980790542
980818994
980898648
980939005
981007448
981075543
981078843
981178473
981207791
981246846
981268110
981353591
981442924
981505869
981519423
981566701
981627763
981653928
981675351
981749569
981751236
981951730
982015508
982237650
982292791
982459193
982524585
982595025
982736474
982841055
982960192
983095669
983192027
983288467
983439893
983450795
983461485
983473319
983712209
983733741
983822331
983975870
984061313
984165452
984243767
984448054
984660636
984668467
984678205
984745578
984912162
984946628
985145349
985217321
985315446
985326601
985341234
985423099
985483663
985523780
985554823
985605474
985645733
985750513
985780380
985825770
985895819
985918116
986031001
986114662
986164465
986328007
986498834
986722975
986819659
986821135
986997878
987009238
987032593
987120599
987190996
987266115
987276112
987320472
987426386
987564871
987589723
987655019
988037428
988124871
988313609
988340930
988393811
988444714
988484900
988509789
988722492
989028831
989029487
989215405
989314348
989523674
989639165
989792786
989835117
990069672
990150440
990275951
990468792
990592523
990825910
990924853
991021422
991090402
991103870
991234431
991490916
991522594
991529435
991870657
991938071
992022778
992130714
992331804
992358628
992378980
992563270
992693484
992738540
992800254
992802510
992912331
993175273
993363199
993522354
993531012
993764231
993870507
993963015
993967525
993975698
994384424
994395057
994480815
994703538
995078566
995085372
995250731
995363898
995513046
995696750
995725720
995882114
995900195
996093744
996347298
996384147
996510398
996566335
996733677
996885251
997008379
997018690
997251847
997273966
997388867
997500882
997521878
997583389
997653533
997735136
997856879
997894166
997920489
998014902
998065557
998118128
998315886
998633128
998689473
998708226
999020712
999034346
999059509
999061880
999194703
999267053
999428391
999584906
999593789
999815967
999833246
999973358