100708400
101397278
101973967
102570888
102784062
103131878
103458995
103821531
104585387
106176460
106685644
107158149
108498633
110040718
110258125
111557421
112649455
114755113
115896402
117125705
117812743
118717771
119350391
119667080
119946529
120829087
121703121
123304648
124546511
126666404
127035920
127571027
128509836
129452059
129861301
130538190
131283289
132252757
134863215
139282331
139864853
139928276
142258975
143182276
143662192
145361216
145472241
146815028
147023194
148348171
150871312
151204906
151255179
151749112
152152913
152762858
153553040
154032886
154398866
154647210
154926184
155053705
156051502
156110597
158341063
158408223
158534295
161200595
161357076
161601044
161762485
162338016
164126361
165320547
167846797
169336009
169585985
169603666
169960690
170847822
172006713
173100955
173350867
173950583
175417497
176437226
177326787
178948714
180835822
182332423
183166333
183667811
184051041
184163971
184457545
184635641
185330441
186003564
186721896
186847731
187526374
188470624
189147912
191467661
192566983
193535429
194112377
194263948
195095942
195320594
195604115
195656614
196443185
196683078
196795616
198001728
198743887
199646003
200786046
201903419
202325551
205270283
205377281
206315236
206526880
206972612
207421529
209840369
210366630
211506917
211986539
213466426
213809851
215656113
217110465
217676012
218870139
219326872
219851310
220939041
221023140
222571637
222901210
224672623
225904584
228611095
229697832
230264560
230392191
231825667
232977460
233814103
234172053
236207665
236989664
237504743
237609403
237728084
237931147
237958257
238764316
238954003
239038718
239290162
240119277
240983827
241606318
241667915
242619768
243272397
243471219
244891534
245023303
247337638
247583414
247787807
250823237
250994966
255497033
255593355
255671180
256345191
258003520
258021346
258239786
258463295
259600707
259661962
260429363
261563317
262786265
264469566
264877089
265826270
266009392
267969019
268190098
268758830
269154790
270073141
271494477
272103804
274318013
276944942
277419455
277611843
278025285
281406604
283081545
283792084
285608179
285704874
287284502
288213232
288327184
289281102
290506907
290960799
291024025
291728493
293188795
294090544
295024287
295050851
295500089
295600631
296878581
297221022
297878522
298561601
301149231
301372417
303027113
306587190
306726269
307322993
307581640
308548171
311757005
312553464
312686810
313291867
313636177
314302604
315044890
315908489
316152764
316517136
316811076
318681209
320555282
320632243
320849735
321034118
321475238
321613391
321667182
323083998
323978946
324904167
325305509
326513134
326531099
327733105
328479268
329923055
332566837
333138951
334511715
334819358
335095011
336331922
338399885
339327696
339348700
341359806
342488726
342589544
342928662
344207941
347643541
347797741
347980960
349301328
351642470
352772382
354594976
357043233
359446982
360716896
364975724
365225343
365337770
368461495
372961003
374478052
374815105
375119911
375461270
376405428
376568682
377010092
377544904
378524475
379062069
379171708
379454985
381781468
381840078
383163317
383995782
384996645
385836387
385882353
386984199
386984616
387038609
387915507
389887057
390798357
391383097
391453596
392317355
392366222
394220129
396001127
396780013
397127226
398101083
401701560
402421672
403098797
403492256
403826426
404772737
406373988
407564109
408664909
408726087
409773471
410587324
410712204
414153659
414597086
415354658
415671862
417193307
417211537
419483314
419719680
419956992
420457762
421375819
424816378
425193334
426654495
426867047
427327993
428223317
431608969
432308398
432979205
433665461
434542859
434712655
435398208
436241714
437131223
437264464
437636546
438673579
441413813
442329774
442482107
445235912
445446827
445736591
447720382
449902764
449975849
450111784
450868215
452551557
452603943
454055305
455194174
455962645
457310770
457425290
458977163
459123576
459565775
459910617
460460466
460648480
460875758
461714614
464150503
464217297
466170421
466237737
466634287
467236585
467793971
468926609
468967650
469560404
471769979
471881458
472572482
475289274
477537326
478146580
478283865
479261532
480401791
481356728
482861212
483277651
483643083
485670196
487298490
487359084
489190108
489509397
491302757
494207571
494373702
496520514
496800659
497552850
497734251
497992658
498977782
500822090
501426451
501695155
503781090
503894673
504006692
509840892
512395663
514744367
515416773
516024553
517272669
517685564
517941515
519918807
521126670
522262925
523359969
526413534
527436409
528370118
529058610
529616656
529705032
531201324
532458135
533534464
534766023
534875150
535233267
535587234
535702841
535919798
536798025
536928094
537602398
537939229
538612607
541231431
542068871
542173456
543296901
547893530
548177343
548266137
548946370
550063360
550114559
551204280
551473795
551766202
551954585
553743371
554193462
554602657
556028066
556419888
557207869
557826797
558333580
561730926
562202582
563788857
565960994
566739873
566898036
567018044
567929591
568180643
569763504
569823784
570181868
571365084
573102134
573978380
575175293
575356345
575998922
576964688
579121027
580108802
580558289
580902140
581887342
582129564
585574961
586995415
587110289
588113695
588364416
589283110
589667565
589855390
592354014
593000149
594399176
594839184
595081447
595665882
595868788
596043783
601001531
603469875
603540734
603932323
607181390
609812440
611660845
611672597
613295109
614019986
614714110
615080116
615708274
616550612
617493136
618097077
618283162
619209528
619997144
620164255
621051223
621881225
622223787
622602816
623379975
623590538
624023768
624167787
624848561
626846601
627350349
628859566
629159013
629212474
630610320
631899205
632458790
632559784
632872050
633500057
633797475
633943363
635780355
637672717
638145936
641078074
642829321
642936180
643661374
643729281
644799203
644872024
645620706
646966123
647342955
647383902
647528898
651560146
652932702
654081520
658447353
658601542
659908666
661245390
661313662
662121286
663706669
665352798
667694691
671963699
672901567
673063736
676824896
676938751
677399642
679574237
680441027
681427822
681562054
682492447
683029740
684199854
684554538
685657521
686827688
687481876
688373491
688551914
688758221
689489917
690390536
690846750
690868177
691169720
691267856
692828715
693299771
694384415
695147367
698341342
699409234
699605773
701052430
701255095
701285706
701721622
702300522
702408693
704419675
704722115
706539754
708385509
709159194
710349592
710461813
711557118
711798313
712218369
712337440
714854028
716980623
716983711
717120715
717489749
718829128
719528804
721399368
722016888
722395612
723397682
723528031
723694223
724391272
724466344
725694769
726133756
726275604
728388835
728808099
729706796
729909559
734725219
735235416
738331152
739851438
740069796
740857175
741614668
743401374
743531668
743734466
744746022
745337613
745770395
746137176
746249245
746279331
747245817
747473502
747523965
748394858
749159284
749523152
749545271
749940944
750917259
750970686
751954420
752772273
753237922
753260530
753639457
756862731
758022151
758365179
760222541
760995184
762437964
762873556
763978111
764787231
764845994
765252318
765808992
766080169
767246196
767361723
767387649
768385902
769296112
770499327
772957727
773296358
773610811
776789784
776903892
777544221
778799252
778888180
779862748
779968372
780340074
780612090
782532675
782751509
783637407
784080585
785302354
786159434
786455259
786474811
787096299
787646073
788592034
789630161
790090802
790412425
791125187
791440902
792649080
794149085
794579925
797233422
797455480
798032756
798295391
798645957
798901739
799547992
799930199
801152815
801217818
801854830
803880929
803930153
805609530
806554024
806798795
808093079
808811900
808851216
809092823
809646318
810822077
812188820
813735273
814307417
814545860
814874845
817215511
818972984
819865071
820589936
820796853
820836008
820996737
821087976
821400950
822872497
823023543
823231556
823662412
824357468
825538270
826091240
826102707
828293086
828548995
828687357
829423873
829703607
829860377
829866085
830022553
830083102
830411127
830908317
832285408
832472019
832874880
833635489
834112302
835526446
836493424
838462183
840528175
841325719
841440312
842542387
844573704
844905629
845805000
845929314
846324706
846444489
846979301
848492591
849305337
850787182
850787748
851388805
851709843
856877255
857398227
859109747
859123184
859862614
860301750
863086883
864721291
864935911
864982793
865143195
865673799
866730786
867414951
869429469
869958174
870111750
871028541
871357620
873097550
875144161
875450048
876205259
876556115
877542885
877913327
880330350
880930988
880936562
881138476
881833324
882408244
883611990
884197881
884814676
884958103
884959989
885002642
886180623
886258181
886524931
886979463
887827842
887881522
889264109
889571928
890285679
891984083
892672617
893923938
894381802
894957057
895146360
896683188
897638679
898652494
898840584
899118949
902884175
903096959
905454313
905557196
906423289
907498434
910087718
910141552
910785716
911223523
912223074
915308361
915652538
918553584
920243662
921602309
923582326
923729381
924130829
925131686
926118717
926235428
926732629
926953184
927190101
927211021
930343080
930450393
931102754
931742954
931993878
932147780
934763574
936861177
939537640
940067774
940176910
943873745
944648807
944802073
946061887
946547362
947372004
947477054
947859217
948720485
949281996
949560058
950159960
950594008
950844348
952390532
952567013
953294238
953510605
953900974
954846432
955784829
955865337
957298743
957966203
959488045
960262518
961851569
962923540
963240793
963965613
964059480
964621781
965567937
966878372
969609587
969913072
971441041
971946629
972140246
972288637
973385400
974129229
974541252
974646964
975897113
976385668
977448242
978004624
978570471
979003951
980357812
980712828
981665799
983751769
985034586
985320637
991126209
991273634
993059176
993800338
993962344
994951687
995030261
996282109
996649481
996983565
998410891
998491627