   0.0700533664   0.1856115566   0.2863276798   0.3746525717   0.4711193412   0.5665396514   0.6001829478   0.6881016361   0.8259025692   0.8855822027   1.0000000000
   0.0000000000   0.0804103889   0.1811265121   0.2694514040   0.3659181735   0.4613384837   0.4949817801   0.5829004684   0.7207014015   0.7803810350   0.8947988323
   0.0000000000   0.0000000000   0.0853320782   0.1736569702   0.2701237396   0.3655440499   0.3991873462   0.4871060345   0.6249069677   0.6845866012   0.7990043985
   0.0000000000   0.0000000000   0.0000000000   0.0107823347   0.1072491041   0.2026694144   0.2363127107   0.3242313990   0.4620323322   0.5217119657   0.6361297630
   0.0000000000   0.0000000000   0.0000000000   0.0000000000   0.0301785070   0.1255988172   0.1592421136   0.2471608019   0.3849617351   0.4446413685   0.5590591658
   0.0000000000   0.0000000000   0.0000000000   0.0000000000   0.0000000000   0.0788423407   0.1124856370   0.2004043253   0.3382052585   0.3978848920   0.5123026893
   0.0000000000   0.0000000000   0.0000000000   0.0000000000   0.0000000000   0.0000000000   0.0046719788   0.0925906671   0.2303916003   0.2900712338   0.4044890311
   0.0000000000   0.0000000000   0.0000000000   0.0000000000   0.0000000000   0.0000000000   0.0000000000   0.0469658936   0.1847668268   0.2444464603   0.3588642576
   0.0000000000   0.0000000000   0.0000000000   0.0000000000   0.0000000000   0.0000000000   0.0000000000   0.0000000000   0.0541911008   0.1138707343   0.2282885316
   0.0000000000   0.0000000000   0.0000000000   0.0000000000   0.0000000000   0.0000000000   0.0000000000   0.0000000000   0.0000000000   0.0176036498   0.1320214471
   0.0000000000   0.0000000000   0.0000000000   0.0000000000   0.0000000000   0.0000000000   0.0000000000   0.0000000000   0.0000000000   0.0000000000   0.0402072309