   0.0700533664   0.3360753119   0.7032500254   0.9804992668   1.3108604167   1.6995113776   1.8839555862   2.2872682118   2.8497178683   3.1223973294   3.6197286865
   0.0000000000   0.0804103889   0.3468689792   0.6196331761   0.8609970984   1.2379291637   1.4223733723   1.8256859980   2.3874418059   2.6382754570   3.1356068141
   0.0000000000   0.0000000000   0.0853320782   0.2697713831   0.5036657637   0.8699350979   1.0543793065   1.3828864241   1.9236533063   2.1744869574   2.6360520700
   0.0000000000   0.0000000000   0.0000000000   0.0107823347   0.1482099458   0.4297217008   0.5805226131   0.8959165504   1.3205652737   1.5713989248   1.9862075609
   0.0000000000   0.0000000000   0.0000000000   0.0000000000   0.0301785070   0.2346196649   0.3854205772   0.6260090064   1.0483926406   1.2563158599   1.6392294197
   0.0000000000   0.0000000000   0.0000000000   0.0000000000   0.0000000000   0.0788423407   0.1959999565   0.4234752056   0.8158715649   1.0070255825   1.3899391424
   0.0000000000   0.0000000000   0.0000000000   0.0000000000   0.0000000000   0.0000000000   0.0046719788   0.1442285396   0.4288112407   0.6199652583   1.0028788181
   0.0000000000   0.0000000000   0.0000000000   0.0000000000   0.0000000000   0.0000000000   0.0000000000   0.0469658936   0.2859238212   0.4770778389   0.8346204067
   0.0000000000   0.0000000000   0.0000000000   0.0000000000   0.0000000000   0.0000000000   0.0000000000   0.0000000000   0.0541911008   0.1856654850   0.4541612475
   0.0000000000   0.0000000000   0.0000000000   0.0000000000   0.0000000000   0.0000000000   0.0000000000   0.0000000000   0.0000000000   0.0176036498   0.1898323279
   0.0000000000   0.0000000000   0.0000000000   0.0000000000   0.0000000000   0.0000000000   0.0000000000   0.0000000000   0.0000000000   0.0000000000   0.0402072309