   0.0822678455   0.3872881225   0.6390278732   0.8329236539   1.2431956750   1.3450028239   1.6691272754   1.9322246049   2.1682675622   2.7202409640   3.3807292986
   0.0000000000   0.0655902107   0.2514303801   0.4075211016   0.7119761665   0.7912214085   1.0698848675   1.3329821970   1.5690251543   2.1068220953   2.7026723888
   0.0000000000   0.0000000000   0.0543503775   0.1726360396   0.3999516900   0.4791969321   0.7578603910   1.0209577205   1.2570006778   1.7176582043   2.3135084978
   0.0000000000   0.0000000000   0.0000000000   0.0261302254   0.1874206645   0.2666659066   0.5453293655   0.7669916885   0.9938059322   1.4391019675   2.0184513304
   0.0000000000   0.0000000000   0.0000000000   0.0000000000   0.0223390580   0.0790223932   0.2686514591   0.4627358521   0.6397725696   1.0458117380   1.5478056447
   0.0000000000   0.0000000000   0.0000000000   0.0000000000   0.0000000000   0.0117823702   0.1682928415   0.3384873534   0.5062953573   0.9123345257   1.3812098377
   0.0000000000   0.0000000000   0.0000000000   0.0000000000   0.0000000000   0.0000000000   0.0556937079   0.1807651645   0.3485731684   0.7330199357   1.1783645935
   0.0000000000   0.0000000000   0.0000000000   0.0000000000   0.0000000000   0.0000000000   0.0000000000   0.0003648122   0.1091665762   0.3692715113   0.8066273769
   0.0000000000   0.0000000000   0.0000000000   0.0000000000   0.0000000000   0.0000000000   0.0000000000   0.0000000000   0.0494307119   0.2995953068   0.7270108322
   0.0000000000   0.0000000000   0.0000000000   0.0000000000   0.0000000000   0.0000000000   0.0000000000   0.0000000000   0.0000000000   0.0547996497   0.3416498796
   0.0000000000   0.0000000000   0.0000000000   0.0000000000   0.0000000000   0.0000000000   0.0000000000   0.0000000000   0.0000000000   0.0000000000   0.0735561522