   0.0822678455   0.2394300663   0.3053296476   0.3431347069   0.4559558625   0.4785177694   0.5675521624   0.6365650989   0.6955713387   0.8415055721   1.0000000000
   0.0000000000   0.0655902107   0.1314897920   0.1692948513   0.2821160069   0.3046779138   0.3937123068   0.4627252432   0.5217314831   0.6676657165   0.8261601444
   0.0000000000   0.0000000000   0.0543503775   0.0921554367   0.2049765924   0.2275384992   0.3165728923   0.3855858287   0.4445920686   0.5905263019   0.7490207299
   0.0000000000   0.0000000000   0.0000000000   0.0261302254   0.1389513810   0.1615132879   0.2505476810   0.3195606174   0.3785668573   0.5245010906   0.6829955186
   0.0000000000   0.0000000000   0.0000000000   0.0000000000   0.0223390580   0.0449009649   0.1339353580   0.2029482944   0.2619545343   0.4078887676   0.5663831956
   0.0000000000   0.0000000000   0.0000000000   0.0000000000   0.0000000000   0.0117823702   0.1008167633   0.1698296997   0.2288359396   0.3747701729   0.5332646009
   0.0000000000   0.0000000000   0.0000000000   0.0000000000   0.0000000000   0.0000000000   0.0556937079   0.1247066444   0.1837128842   0.3296471176   0.4881415455
   0.0000000000   0.0000000000   0.0000000000   0.0000000000   0.0000000000   0.0000000000   0.0000000000   0.0003648122   0.0593710521   0.2053052854   0.3637997134
   0.0000000000   0.0000000000   0.0000000000   0.0000000000   0.0000000000   0.0000000000   0.0000000000   0.0000000000   0.0494307119   0.1953649452   0.3538593732
   0.0000000000   0.0000000000   0.0000000000   0.0000000000   0.0000000000   0.0000000000   0.0000000000   0.0000000000   0.0000000000   0.0547996497   0.2132940777
   0.0000000000   0.0000000000   0.0000000000   0.0000000000   0.0000000000   0.0000000000   0.0000000000   0.0000000000   0.0000000000   0.0000000000   0.0735561522